222813370816320553440
3569607179183860465264
222813370608938580192
217589018480336498
6962882661900040432
55774831845321596784
6962882679130142832
6962882715338128498
222813370816336265696
3569607179181750730352
222813370574880831712
6962882717418503282
222813370816335233504
3569607179183831105136
222813370608703699168
3569607179252280573042
228456012360504933544160
3569607179183829007985
222813370608686921954
3569607636234991805552
228456039374610523521504
1830000058982454639173744
228456039373272807014624
3569607636237072180336
228456039374609466556896
1830000058982456719548528
228456039373306629882080
1830000292993716150050928
234241215774257253882560992
938168956018631369954664560
234241215773134460982034656
217589018472996466
6962882661901875440
55774831845314256752
6962882679131977840
55774831849575276146
3569607250663901460704
55774831845313732465
6962883623256030434
55774845302482964720
3569607601202671067376
14296803696268525162608
3569607601219901169776
14296807070932839469296
1830000275049492892557552
3664704109629009415432248
1830000275049510122659952
1830000058746159396708832
234241185780296929734607328
938168955893162215701856384
234241185780297205014773984
3569607364892552225248
228456015736208981017056
1830000058983556230996416
228456015736484261183712
1830000059018602358564288
234241188112060708303373184
1830000058983555157255104
228456016017959204339936
1830000149556199128449504
234241191568535156689764832
938168956018632469466112448
234241191568535431969931488
938169002387878360507367904
240172465176001099021878591968
480961470658767270688061628528
240172465176001099297158758624
6799625521913007
217588971334389370
871477395414482832
217588972414398010
111693220420779713656
14296803687446768044152
14296806507802421422136
14296803687447848052792
871477395678625554
55774834255507388960
871477395414351761
217589103391372892
871477393271547512
55774831810993704056
111693220444435586080
55774831812073712696
871477391253725088
217588963807686460
6799629001088802
217588962727677820
871477391253594017
217589212663610946
871477391517867810
55774832052189232160
6799621226945727
848858400542334
871477365597208322
217588963800758012
6799621092207871
848858383830399
871477399692672898
217588974543398524
111693238012965692536
14296804813346674624632
14296806507737996912696
14296804813347754633272
871477399973592834
217588972391737084
871477416938987395
217588980980623100
871477382843653890
217588965952419452
871477399692541827
217588983132284540
871477530710500472
55774836209040214136
111693220688799717424
55774836210120222776
871477386958757808
217588980987555640
6799624706121522
217588979907547000
871477386958626737
217589077487353442
871477387222900530
55774834116153212000
111693220726904953120
14296803687687963572256
111693220693077907616
55774832086951095352
871477391236947874
217589101246637884
871477357141483298
55774832052322925632
871477462259443064
55774834014311860856
111693220697255442448
55774834015391869496
871477391236816803
217589212529393250
871477425860828962
55774832052188707936
14296805120126794387504
3664704110469000934770808
1830000239022223254593648
3664704110469002014779448
111693229251230344312
14296804251496216184952
14296804835380811065400
14296804251497296193592
6799624571383666
217588984185802360
871477386824019952
217588985265811000
871477387088162674
55774834114001550560
871477386823888881
217589075335692002
871477564803884152
55774837304273586296
111693220688664979568
55774837305353594936
111693225053557763696
14296805093726417897592
14296803976662229772344
14296805093727497906232
55774836210127816444
55774836210127849084
55774836210136204924
55774836212275299964
55774831812081313532
55774831812081346172
55774831812089702012
55774831814228797052
55774832086959253052
3569607178647474326588
55774832086967608892
55774832089106703932
55774832636715034172
14296803750520628731936
55774834011106658044
14296803749425412071456
14296804030896093814816
14296803749421133881376
3569607249007536475260
55774834011106690684
55774834011115046524
55774834013254141564
3569607257341728780480
55774832056500386912
14296803683298489695328
3569607151788612513984
6962882112501108220
217588980980606716
3569607257341326127296
3664704109340043688311904
3569607151788209860800
6962882112501206524
55774832052222196832
14296803683294211505248
55774833151717047392
55774832052205485152
14296803684393706355808
14296803402918729645152
14296803964769171438688
6962882103928147068
217588980980639356
6962882103978478716
217588980988995196
217588983128090236
1830000094772752017387712
3664704109341138904972384
3569607323229521246656
1830000040729556488941760
1830000076723169135816896
3664704109621514370055264
3664704037563920332127328
3664704041071404905984032
6962882164057459836
6962882164107791484
6962882103928147260
217589212529458786
6962882103978478908
6962882112618548284
217589212512747106
6962882138388352060
217589212506226246
217589212506193606
6962885820131638726
6962882112618646588
55774832207226954812
6962882138388450364
6962885811558677574
55774832207243666492
6962885811558677766
55774832211521856572
55774831112010228796
55774833306738517052
6962885811609009222
14296803683449232974908
6962885811609009414
3569607262295973531768
14296803683453511164988
3569607156742857265272
3569607227042881966200
14296803684548727825468
14296803403073751114812
14296803964924192908348
55774836192947951356
55774836192947983996
55774836192956339836
55774836195095434876
55774831794901448444
55774831794901481084
55774831794909836924
55774831797048931964
55774832069779387964
3569607178372596427836
55774832069787743804
55774832071926838844
55774832619535169084
55774831932340434524
55774832207218341404
55774831932348790364
55774831932340401884
55774831934487885404
228456010078000293992476
3569607180571619683356
55774832207226697244
55774832209365792284
55774832756974122524
3569607182483464124480
55774832052149877824
14296803683298623913024
3569607151790759997568
6962881837623209468
217588963800741628
3569607182483514456128
3664704109340043822529600
3569607151790357344384
6962881837623307772
55774832052158233664
14296803683294345722944
55774832052149845184
55774832052339702848
14296803684393840573504
14296803402918863862848
14296803749149191979200
6962881829050248316
217588963800774268
6962881829100579964
217588963809130108
217588965948225148
1830000060672959763939392
3664704109341139039190080
3569607182492037085632
1830000040729558636425344
1830000060672959763808640
3664704109621514504272960
3664704037563920466345024
3664704041071473617072160
6962881889179561084
6962881889229892732
6962881829050248508
217589212663676482
6962881829100580156
6962881837740649532
217589212646964802
6962881863510453308
217589212646899522
217589212646899267
6962885822279122370
6962881837740747836
55774832069788003388
6962881863510551612
6962885813706161218
55774832069804715068
6962885813706161410
55774832074082905148
55774830974571277372
55774833169299565628
6962885813756492866
14296803683311794023484
6962885813756493058
3569607257897927028856
14296803683316072213564
3569607152344810762360
3569607222644835463288
14296803684411288874044
14296803402936312163388
14296803964786753956924
6962884028073503836
217589101239727708
55774832035176545348
6962884028073504028
6962883674812218466
222813342030041176860
217589077483159138
6962884028123835484
14296803683277165853764
6962884028123835676
6962883674862550114
222813342030242503452
217589101248083548
55774832035159833668
217589101239695068
217589103387178588
55774832039454735428
55774830939943107652
55774833134671395908
6962883623373306914
217589075344064098
222813342099699783708
6962883623373405218
222813342305858213916
217589075335708258
217589075335675618
3569607256794120450184
14296803683281444043844
6962884036646464988
3569607151241004183688
3569607221541028884616
14296803684376660704324
14296803402901683993668
14296803964752125787204
6962883623255866850
6962883623255965154
6962883649143110690
55774832086967872568
222813342099699980316
6962883649143208994
222813342305858410524
6962883614682905698
55774832086984584248
6962883614682905890
55774832091262774328
55774833186479434808
222813370608753572610
3569607363794104856688
6962883614733237346
14296803683328973892664
6962883614733237538
3569607258447682842736
14296803683333252082744
3569607152894566576240
14296803684428468743224
14296803402953492032568
14296803964803933826104
222813370608954899202
3569607258447280189552
3664704109340078450699320
3569607152894163923056
1830000094773857971449968
3664704109341173667359800
1830000040730662443004016
1830000076724275089879152
3664704109621549132442680
3664704037563955094514744
3664704041071990228940832
217588962727545327
13581802800883447
217588965686602047
13581802129009916
14296805091803319537904
1830000148667090910519536
3664704112727406457962720
1830000148667108140621936
55774837571508277488
3569607354362042196208
14296803696268530401504
3569607354379272298608
55774831845319495648
6962882197021374576
217589018478235362
6962882179791272176
217589031447021935
6962882249718703862
55774832260052238096
6962882266948806262
14296804810328343351536
1830000130652692403134704
3664704110759346023491640
1830000130652709633237104
55774836471996651760
3569607319177670111472
14296803696337249878112
3569607319194900213872
55774831914038972256
6962882128301897848
217589087197711970
6962882111071795448
14296804248305942330464
14296804248580820237344
14296804248305950686304
14296804248305942297824
14296804248308089781344
1830000094660727877990432
14296804248580828593184
14296804248582967688224
14296804249130576018464
55774836201538930428
55774836201538963068
55774836201547318908
55774836203686413948
14296803750520762933280
55774834002517772028
14296803749425546272800
14296804030896228016160
14296803749421268082720
228456012331895163394172
3569607248870101716092
55774834002517804668
55774834002526160508
55774834004665255548
3569607250655328335968
55774834114001566816
14296803687696536729632
3569607250655328336160
55774834255524166176
3569607250655378667616
3664704109344441735346208
3569607250655378667808
55774834114009922656
14296803687692258539552
55774834114001534176
55774834116149017696
14296803688791753390112
14296803969167218472992
3569607250664018737184
55774834251245976096
3569607250689788540960
55774834251229264416
55774834251229199136
1830000095054226998288448
3664704109345536952006688
3569607250663901297120
1830000041011031469842496
3664704109625912417089568
3664704037568318379161632
3664704041005571647238176
3569607281450226874400
3569607252854351591488
55774832056500911136
14296803683298490219552
3569607151788616708160
6962881975066349052
228456011481279772459136
217588972391720700
3569607252854401923136
3664704109340043688836128
3569607151788214054976
6962881975066447356
228456011481273330008192
55774832052222721056
14296803683294212029472
55774833151717571616
55774832052206009376
14296803684393706880032
14296803402918730169376
14296803964769171962912
6962881966493387900
217588972391753340
222813344194721978492
6962881966543719548
222813344194923305084
217588972400109180
217588974539204220
1830000094772752021581888
3664704109341138905496608
3569607252862924552640
1830000040729556493135936
1830000076723169140011072
3664704109621514370579488
3664704037563920332651552
3664704041071542344904736
6962882026622700668
6962882026673032316
3569607250715457648736
1830000095576962813182400
3569607250664018835488
55774834242656041506
3569607250689788639264
3569607255113504159776
55774834242639329826
3569607268307643693088
55774834242639264546
55774834242639264545
55774834242639264291
3569607250663901395424
3569607250715507980384
1830000095054020839858240
938168974465939010896511008
1830000041010825311412288
938168974339317489117290560
938168974465939010896511040
938168946669201378552963136
938168965097931053753032768
938168956040494555473231936
938168965245852193818525760
938168946817122518618456128
3569607255113554491424
14296803718738020154372
3569607268307694024736
3569607397597649169988
14296803718742298344452
3569607397597649169985
3569607397597649169475
14296803719837515004932
14296803438362538294276
14296804000212980087812
6962881966493388092
217589101246703420
222813344194721978684
6962881966543719740
222813344194923305276
6962881975183789116
217589101246768700
6962882000953592892
217589101263480380
217589105541670460
222813345019757434940
6962885820135833028
6962881975183887420
55774831932349572156
6962882000953691196
6962885811562871876
55774831932366283836
6962885811562872068
55774831936644473916
55774830837132846140
55774833031861134396
222813345019757631548
6962885811613203524
14296803683174355592252
6962885811613203716
3569607253499884703864
14296803683178633782332
3569607147946768437368
3569607218246793138296
14296803684273850442812
14296803402798873732156
14296803964649315525692
6962882525000839408
217588979924389496
55774831811027192952
3569607390166097535216
55774834010050447992
55774836209073703032
222813366426887029216
6962882318842409200
217588971334454906
3569607389959939105008
55774834001460513402
222813359829817262560
6962882525000052976
14296803683053016501368
3569607390166096748784
14296803687451063011448
222813366426880737760
6962882318841622768
3569607389959938318576
222813359829810971104
217588979907677816
55774831811010481272
217588984202579576
217588979907612536
55774831815305383032
55774832910522043512
55774834010033736312
55774836209056991352
55774834014328638072
55774834010033671032
55774836213351893112
55774837308568553592
6962882249721067760
217588971317743226
6962882249721066224
217588971317677946
217588971317677691
3569607389890817763568
55774834001443801722
3569607530628306116848
3569607389890817762032
55774834001443736442
55774834001443736441
55774834001443736187
222813357623284108768
3569607249634363912432
14296803683057294691448
6962882730755569904
3569607144081247645936
14296803684152511351928
14296803402677534641272
14296803964527976434808
3569607531109340618992
14296803687455341201528
3569607425556224352496
14296803688550557862008
14296803968926022944888
228456011234816966820320
6962882249719232759
1830000148983887700369648
6962881975245025528
217588962744520316
55774831793847323772
222813348834700984816
222813349934212612576
55774836191893833852
6962881769086595320
13581803026443772
222813343336069120480
848858400607870
222813342237631218160
217309812448418812
222813343337142845920
6962881975244239096
14296803683035836632188
222813348834694693360
222813349934206321120
14296803687433883142268
6962881769085808888
13581803026542076
222813343336062829024
222813342237624926704
217309812448615420
222813343337136554464
217588962727808636
55774831793830612092
217588967022710396
217588962727743356
55774831798125513852
55774830698613886076
55774832893342174332
55774836191877122172
55774836196172023932
14296803400465626613884
14296803963415580035192
55774837291388684412
13581794453482620
848858383896190
217309709470783612
13581794503814268
217309709672110204
848858383830910
848858383830655
217309709974100092
217309744534640764
217309710175426684
217588968018636350
3569607249084608098552
14296803683040114822268
6962882180999756024
3569607143531491832056
3569607213831516532984
14296803684135331482748
14296803402660354772092
14296803964510796565628
3569607530559584805112
14296803687438161332348
228456011217224780775920
1830000058595098365206776
234241184622856440944296416
14296803688533377992828
14296803968908843075708
13581802758793214
13581802758891518
217309810338319870
1830000166857824001007856
14296804248201993046648
14296804250401016301688
222813366426871300576
1830000166857617842577648
14296804248193403112058
222813359829801533920
1830000166857824000221424
1830000238915418037887216
228456025864925114827232
14296804813350969591928
222813366425791283680
14296804808952923081848
222813366426865009120
1830000166857617841791216
1830000238915211879457008
228456025858328045060576
222813359828721517024
222813359829795242464
14296804248201976334968
14296804250400999590008
14296804248201976334712
14296804248206271236728
14296804248201976269688
14296804250405294491768
14296804251500511152248
217588979907414395
1830000166857548721236208
14296804248193386400378
1830000166998286209589488
1830000166857548721234672
1830000166857548720973552
14296804248193386335098
14296804248193386335097
14296804248193386334843
222813357623267331553
1830000166998767244091632
14296804813355247782008
228456034879814505365984
1830000166893214127825136
228456028124415064310240
14296804814450464442488
14296805094825929525368
228456016865415995900384
14296804808957201271928
222813372873193944032
228456010110016554844640
14296804810052417932408
3664704037001828728622200
14296805090427883015288
228456017991315902726624
228456011235916461670880
3664704110759279834216672
1830000293099075774128368
1830000292993522657861872
222813357623252673007
222813348834685256176
222813349934196883936
14296804250383836432508
222813342237615489520
217309812448910332
222813343337127117280
222813348833605239280
14296804808935743212668
222813348834678964720
222813349934190592480
14296804813333789722748
222813342236535472624
217309812482660860
222813343336047100384
222813342237609198064
217309812449106940
222813343337120825824
14296804250383819720828
217588962727545215
6962881974840796407
14296804250388114622588
1830000076574312501551352
1830000148631906539479280
14296804251483331283068
217309811311201822
217309810774527550
13581802800883454
217309811311398430
217588985198504510
228456016847823809855984
14296804808940021402748
222813356523741045232
228456010092424368800240
1830000040580699853631736
14296804810035238063228
3664704037001811548753020
14296805090410703146108
228456034862222319321584
1830000166998217488277752
228456017973723716682224
14296804813338067912828
234241184629612939880202720
228456011218324275626480
1830000076609496872591608
234241184622857540439146976
14296804814433284573308
3664704110759279833233632
14296805094808749656188
3664704110759279841556704
217309810304077822
217309810304274430
217309810304569342
217309810304765950
6962882524061318896
3569607354980785926384
6962882249318414576
55774832311642569732
6962882249318413040
6962882249183411956
55774832311659281412
6962882249183411953
55774832315937471492
55774831216425843716
55774833411154131972
3569607390165158014704
3569607636455762632944
3569607389890415110384
14296803815837027533828
3569607530627903463664
3569607389890415108848
3569607389890280107764
14296803815841305723908
3569607389890280107761
3569607389890280107251
14296803816936522384388
14296803535461545673732
14296804097311987467268
3569607636249604202736
222813357616841657824
6962882730352916720
6962882524060532464
3569607249633961259248
3664704109339802493308024
3569607144080844992752
1830000094765044652519664
3664704109340897709968504
1830000040721849124073712
1830000076715461770948848
3664704109621273175051384
3664704037563679137123448
3664704041072127665823808
6962882249182625524
14296803683553648589828
6962882249182625521
3569607265615937073160
14296803683557926779908
3569607160062820806664
3569607230362845507592
14296803684653143440388
14296803403178166729732
14296803965028608523268
3569607531108937965808
3664704109344200539818104
3569607425555821699312
1830000095046519629226224
3664704109345295756478584
1830000041003324100780272
3664704109625671221561464
3664704037568077183633528
3664704041006156968157248
228456011234810524369376
1830000095046313470796016
938168955892600946996527136
1830000041003117942350064
938168974339309781748228336
938168955892600946996527168
938168946669193671183900912
938168965097923346383970544
938168955892600946996527232
938168955892600946996396416
938168946817141229622624384
13581794453482812
217588963807751996
217309709470783804
13581794503814460
217309709672110396
13581794185832062
217588963807817276
13581794185832254
217588963824528956
217588968102719036
217309741685657374
6962882198229858424
217309709974100284
217309744534640956
217309710175426876
222813341383324524784
222813356799021211888
13581794236163710
55774831794910620732
13581794236163902
6962881992475127928
55774831794927332412
6962881786316697720
55774831799205522492
55774830699693894716
55774832894422182972
217309741886983966
6962881992474341496
14296803683036916640828
6962881786315911288
3569607249101838200952
14296803683041194830908
3569607143548721934456
3569607213848746635384
14296803684136411491388
14296803402661434780732
14296803964511876574268
222813349108885405936
14296804808936823221308
222813342511815639280
228456016848099090022640
14296804808941101411388
228456010092699648966896
1830000040580717083734136
14296804810036318071868
3664704037001812628761660
14296805090411783154748
1830000166998766841438448
3664704110470100446398584
228456034879808062915040
1830000166893213725171952
228456028124408621859296
1830000239161707702984944
3664704110471195663059064
1830000185118512174538992
3664704110751571128141944
3664704040973171619323968
234241186959109734152307168
938169002099357422247420144
228456016865409553449440
3664704110465702399888504
222813372873194140640
228456010110010112393696
1830000238880232726278384
3664704110466797616548984
234241186941095335642841568
938168955820297282644029680
3664704110747173081631864
3664704041039142316990528
222813366410758912480
228456017991309460275680
228456011235910019219936
240172458063626094098518933984
938168992713785430063128816
1830000239161501544554736
938168955892600947012255776
1830000185118306016108784
938168974483424969821987056
938168955892600947012255808
938168946813308859257659632
938168955892600947012255872
938168955892600947012125056
938168946815030167297294464
234241186959103137082540512
938168974483319416705720560
240172459248828258199874240576
938168946813203306141393136
480961475390431254812442198144
240172459248828258199874240640
480961470714269842074090283248
480961470677270129581142278272
240172459248828258199874240768
240172459248828258199873716992
240172458077581527047889355008
222813357614665890280
14296804310197967913478
222813357614665890274
228456017376207865888784
14296804310197951201798
228456010620808424833040
1830000040597231182606344
14296804310197951136518
3664704037002329360710660
14296804310197951136263
217309742390299774
55774836192957130812
217309742390299966
222813349109981151472
55774836192973842492
222813342512911384816
55774836197252032572
14296803400466706622524
55774837292468693052
217309742390300446
222813349109974860016
14296803687434963150908
222813342512905093360
3569607530576814907512
14296803687439241340988
228456011217500060942576
1830000058595115595309176
14296803688534458001468
14296803968909923084348
222813349109965422832
14296804250384916441148
222813349109959131376
14296804813334869731388
222813342512895656176
222813342512889364720
14296804250389194631228
1830000076574329731653752
14296804250384899729468
14296804251484411291708
217588963807553855
228456034862497599488240
1830000166998234718380152
228456017973998996848880
14296804813339147921468
228456011218599555793136
1830000076609514102694008
14296804814434364581948
3664704181117000704616508
14296805094809829664828
217309812918868540
13581803068534012
6962882266413514356
217588972397686586
55774832035177069572
217309709470784092
6962882266413514353
6962882541291421296
217309743829998364
217588980987621176
217309709470784284
6962882266412727924
14296803683277166377988
217309709672110684
6962882266412727921
6962882541290634864
217309744031324956
217309709672110876
217588972397751866
55774832035160357892
217588972397686331
217588972414463546
55774832039455259652
55774830939943631876
55774833134671920132
55774832888996875896
6962882266951170160
217588980987686456
217309707326442622
6962882266548516976
217309707326442814
217588981004398136
217588985282588216
217309707326443102
217309707326443294
55774832890076884536
3569607256794124644360
14296803683281444568068
6962882266949335159
3569607151241008377864
3569607221541033078792
14296803684376661228548
14296803402901684517892
14296803964752126311428
228456008953319610171872
6962882747985672304
6962882747583019120
217309709974100572
217309709974100764
222813357889946056936
14296804380977414144518
217309710175427164
222813357889946056930
222813366686039079136
217309744534641436
217309710175427356
6962882196887156852
3569607354293322721520
222813341389768024288
222813341383325573344
55774837288123133496
228456017094320975233040
14296804380977397432838
222813357898532839663
228456010338921534177296
1830000040588409370177544
14296804380977397367558
3664704037002052878498820
14296804380977397367303
228456008959917753663968
228456008953320683897312
14296805089315419768952
222813370677388770272
222813370677388966880
6962882266951168624
55774831812090489912
217309707527769214
6962882266548515440
217309707527769406
6962882542230941808
55774831812107201592
6962882336072511600
55774831816385391672
55774832911602052152
222813343611349287136
3569607354998016028784
217309707527769694
217309707527769886
228456008953594890338528
6962882542230155376
14296803683054096510008
6962882336071725168
3569607249651594014832
14296803683058374700088
3569607144098477748336
14296803684153591360568
14296803402678614649912
14296803964529056443448
222813343611342995680
3569607249651191361648
3664704109339803573316664
3569607144098075095152
1830000094765061882622064
3664704109340898789977144
1830000040721866354176112
1830000076715479001051248
3664704109621274255060024
3664704037563680217132088
3664704041072127667892256
222813366701071450336
14296804808954003090488
222813360104001683680
228456016865691276067040
14296804808958281280568
228456010110291835011296
14296804810053497941048
3664704037001829808630840
14296805090428963023928
222813343611327267040
228456016865684833616096
3664704110465703479897144
228456010110285392560352
1830000238880249956380784
3664704110466798696557624
234241186941095610923008224
938168955820297299874132080
3664704110747174161640504
3664704041039142319058976
3569607389908047865968
55774834011113744952
55774834002523810362
217309707829759102
3569607389908047864432
3569607530645536219248
222813357898564275424
55774836210136999992
217309708031085694
3569607389907645212784
14296803745057581302788
217309707829759294
3569607389907645211248
3569607530645133566064
222813357892121824480
217309708031085886
55774834011130456632
55774834002540522042
55774834011113679672
55774834015408646712
55774834002523745082
55774834002523745081
55774834002523744827
217588966938627710
3569607390183327637616
55774836210153711672
222813366702167195872
3569607389977169207408
222813360105097429216
55774836214431901752
55774837309648562232
222813350209492779232
222813343612423012576
14296803963416660043832
3569607389907510210164
14296803745061859492868
3569607390182388117104
3569607389907510210161
3569607389907510209651
14296803746157076153348
14296803464682099442692
14296804026532541236228
222813341108044358128
3569607636472992735344
3569607636266834305136
217309707829759582
217309708031086174
217309707829759774
217309708031086366
3569607354310552823920
6962882179657054452
228456008960193033830624
228456008953595964063968
14296805089316499777592
222813341114487857632
222813341108045406688
55774837287043124856
3569607390183326851184
14296803687452143020088
222813366702160904416
3569607389977168420976
222813360105091137760
3569607531126570721392
14296803687456421210168
3569607425573454454896
14296803688551637870648
14296803968927102953528
228456011235092246986976
1830000148983904930472048
222813350209486487776
222813343612416721120
234241184622856716224463072
3569607531126168068208
3664704109344201619826744
3569607425573051801712
1830000095046536859328624
3664704109345296836487224
1830000041003341330882672
3664704109625672301570104
3664704037568078263642168
3664704041006156970225696
228456011235085804536032
1830000095046330700898416
938168974465375441528274976
1830000041003135172452464
938168974339309798978330736
938168974465375441528275008
938168946669193688414003312
938168965097923363614072944
938168956040513266494062656
938168965245870904839356480
938168946817141229639286848
1830000166857841231110256
14296804250402096310328
14296804248203073055288
222813366702151467232
1830000166857841230323824
1830000238915435267989616
228456025865200394993888
14296804813352049600568
222813366702145175776
1830000166857635072680048
14296804248194483120698
222813360105081700576
1830000166857635071893616
1830000238915229109559408
228456025858603325227232
222813360105075409120
14296804250406374500408
14296804248207351245368
14296804250402079598648
14296804251501591160888
14296804248203056343608
14296804248203056343352
14296804248203056278328
217588980987423035
1830000166998784474194032
14296804813356327790648
228456034880089785532640
1830000166893231357927536
228456028124690344476896
14296804814451544451128
14296805094827009534008
228456017991591182893280
228456011236191741837536
3664704181117017884485688
1830000166857565951338608
14296804248194466409018
1830000166998303439691888
1830000166857565951337072
1830000166857565951075952
14296804248194466343738
14296804248194466343737
14296804248194466343483
222813357898547498209
1830000293099093004230768
1830000292993539887964272
222813350209477050592
222813350209470759136
222813343612407283936
222813343612400992480
1830000148631923769581680
6962881992070898807
234241184629613215160369376
234241184622857815719313632
3664704256842593731131616
217309813455542812
217309813455739420
217588984118495870
1830000166998784071540848
3664704110470101526407224
228456034880083343081696
1830000166893230955274352
228456028124683902025952
1830000239161724933087344
3664704110471196743067704
1830000185118529404641392
3664704110751572208150584
3664704040973171621392416
234241186959110009432473824
938169002099357439477522544
228456017991584740442336
228456011236185299386592
240172458063626094373799100640
938168992713785447293231216
1830000239161518774657136
938168974465375441544003616
1830000185118323246211184
938168974483424987052089456
938168974465375441544003648
938168946813308876487762032
938168956038402204168732736
938168965243759842514026560
938168946815030167313956928
234241186959103412362707168
938168974483319433935822960
240172461618079698367131091008
938168946813203323371495536
480961475390431254812458860608
240172461618079698367131091072
480961470714269842091320385648
480961470677270129581158940736
240172459258173147765434417280
240172460437611846978238873728
240172458077581527048023113856
3664704110759348041464032
938168955892602008009678960
14296803965903412695288
3664704117231006085333184
14296803684428436508920
3664704109626729333553216
3664704109625972882446576
938168955892571221684101232
111693221240217320444
111693222361504399747
111693222344458748291
111693222344325579139
111693215926569467650
111693215926570508034
111693215926703677186
111693215943749328642
111693217026082131714
14296803402925078683138
111693217026215300866
111693217043260952322
111693219225104338690
111693220316059336482
111693220324649271042
111693220316060376866
111693216328922217404
111693220316193546018
14296803684259675192834
111693220324650311426
111693220324783480578
111693220341829132034
55774833017137397282
871477425726095138
111693221389912850016
55774833017137397378
55774832875971624707
871477416871878531
55774833017143688738
14296805386686302838000
55774833017143688834
55774832877582237443
871477425727135522
111693221389646511712
871477425726087010
871477425860304674
111693220736133576568
111693217025957641824
111693216338087065464
55774832054561218307
871477399826227075
55774832054567509763
871477399693057923
871477399692017539
14296803996460333851168
14296804260786395995376
55774833017672122082
14296803477953448573120
14296803996460333818560
14296803697836442574064
14296803978211907656944
14296803416361465863408
55774832050803179267
55774832050809470723
55774832466878078723
871477391236292515
55774832466884370179
55774831913913630467
871477391103123363
55774831913913655043
871477391102082979
871477391102074851
55774831913898950627
55774831915524243203
111693221240685711776
55774831915524267779
55774831913364225827
111693221240552542624
55774831913364225923
111693220736133577502
111693219242094173728
111693216338087066398
55774831913370517283
14296805386686302841916
55774831913370517379
14296803713894401958688
14296804260786395999292
14296803619239623161920
14296803713894401926080
14296803697836442577980
14296803978211907660860
14296803416361465867324
111693221240225704956
111693222363651883139
111693222346606231683
111693222346473062531
111693215857850121986
111693215857851162370
111693215857984331522
111693215875029982978
111693216957362786050
14296803400726055951874
111693216957495955202
111693216974541606658
111693219156384993026
111693216407606974210
111693217507118597890
111693216407740143362
111693216407605933826
111693216424785794818
1830000040514295996095490
14296803418318241992194
111693217507251767042
111693217524297418498
111693219706140804866
55774830818114666018
871477357006749474
111693216876349853984
55774830818114666114
55774830955553619458
871477365596684034
55774830818120957474
14296805386686571240688
55774830818120957570
55774830955559910914
871477357007789858
111693216876483023136
871477357006741346
871477357140959010
111693216876348813600
111693216876348813632
111693216338103834488
55774830818664070658
871477365597724418
55774830820274683394
871477365730893570
871477382776545026
14296803433510514647584
14296804260786664398064
55774830818649390818
14296803433510514647680
14296803433510514614976
14296803697836710976752
14296803978212176059632
14296803416361734266096
55774831780722064898
55774831782332677634
55774830818664095234
871477391253069729
55774830820274707970
55774830959311658498
871477391119900577
55774831371628518914
871477391118860193
871477391118852065
55774831914033168353
55774830959317949954
111693221242833195168
55774831371634810370
55774831913498443553
111693221242700026016
55774831913498443649
111693220736167131678
111693218142582677024
111693216338120620574
55774831913504735009
14296805386686839711804
55774831913504735105
14296803713928761696544
14296804260786932869180
14296803548870880032832
14296803713928761663936
14296803697836979447868
14296803978212444530748
14296803416362002737212
55774831985975959313
871477395548037009
871477906763601698
55774832398292819729
55774831848537005873
3569607145170702113794
871477386958102449
55774831985982250769
111693221388589547076
55774832398299111185
55774831848543297329
3569607145183587015682
871477395414867857
871477906896770850
871477412593688465
871477395413827473
871477906762561314
871477906762561346
871477906762553186
55774831845328371473
871477386824933297
3569607147429804383234
55774831845328396049
3569607154026874149890
871477386823892913
871477386823884785
55774848410300706338
111693221388855885380
55774832807386365713
55774848410300706434
55774848410300673730
111693220752256472952
111693217024900677188
111693216354209961848
55774831845313691633
55774831845313716209
55774831846938984209
111693220693077383328
3569607147429829549058
55774831846939008785
3569607154026899315714
55774831844778966833
111693220692944214176
55774831844778966929
111693220692943173792
111693216330067556894
3569607179183837282177
14296803696337110381024
55774831844785258289
14296805386429141674044
55774831844785258385
14296803696336575656224
14296804260529234831420
14296803557666973052992
14296803697579281410108
14296803977954746492988
14296803416104304699452
3569607179183862448001
14296803696336581947680
1830000167111547162959992
14296803557654088151104
3664704109345528420558908
1830000095053953125032056
3664704038842352312807488
3664704037568309847713852
1830000059025156106068088
1830000077004370243461240
1830000041010757596586104
217589100166466031
55774832807660568352
14296805090703808172272
3664704038719275452131384
55774837567213311216
14296803696405969322208
55774831982758416352
217589155917156066
6799630756668667
871477412628160432
111693224646488597624
14296805120192977365048
871477426284898168
111693220701550665824
871477399709706208
6799629940877182
111693220277421408050
111693220286011342610
111693220277422448434
111693216324912462748
111693220277555617586
14296803683091578306066
111693220286012382994
111693220286145552146
111693220303191203602
111693221240234097628
111693222361521176835
111693222344475525379
111693222344342356227
111693220281716375330
111693220290306309890
111693220281717415714
111693216328938994588
111693220281850584866
1830000058560523545639938
14296803683160297782786
111693220290307350274
111693220290440519426
111693220307486170882
55774831849040510514
871477387088166706
111693220726771259680
55774831849040510610
871477395678101266
55774831849046801970
14296805386429141671024
55774831849046802066
871477387089207090
111693220726904428832
871477387088158578
871477387222376242
111693220726770219296
111693216330067556152
55774831849589915154
871477395679141650
55774831851200527890
871477395812310802
871477412857962258
14296803697427530838560
14296804260529234828400
55774831849575235314
14296803486749542641728
14296803697579281407088
14296803977954746489968
14296803416104304696432
55774832811647909394
55774831917759987234
871477391383133986
111693221276527071520
55774831917759987330
55774832055198940674
3569607179252288847234
871477399973068546
55774831917766278690
14296805386686839708784
55774831917766278786
55774832055205232130
3569607179252314013058
871477391384174370
111693221276660240672
871477391383125858
871477391517343522
111693220736167130936
111693217025957772832
111693216338120619832
55774831918309391874
871477399826358146
3569607179256701156354
55774831919920004610
3569607179269586058242
871477399693188994
871477399692148610
14296803715019716878880
14296804260786932866160
55774831918294712034
14296803477953449621568
14296803715019716846272
14296803697836979444848
14296803978212444527728
14296803416362002734192
55774832050803703554
55774832050809995010
55774831852798549554
14296803697428065563360
55774831849589939730
871477940992235426
55774831851200552466
55774831990237502994
871477940859066274
55774832402554363410
871477940858025890
871477940858025922
871477940858017762
55774831849575259890
55774831852804841010
14296803697427537130016
1830000167111547162947808
14296803486736657739840
3664704109345528420555888
1830000095053953125019872
3664704038771434882396224
3664704037568309847710832
1830000059025156106055904
1830000077004370243449056
1830000041010757596573920
55774831990243794450
111693221405702823460
55774832402560654866
55774849505550790434
111693221405969161764
55774849505550790530
55774849505550757826
111693220752256482076
111693217042013953572
111693216354209970972
55774831918309416450
871477391236423586
3569607179256701205506
55774831919920029186
3569607179269586107394
55774831913914154754
871477391103254434
55774831913914179330
871477391102214050
871477391102205922
3569607180286622637570
55774831913899474914
55774831915524767490
111693221240702488864
55774831915524792066
55774831913364750114
111693221240569319712
55774831913364750210
111693220736150354716
111693217043087695392
111693216338103843612
3569607180299507539458
55774831913371041570
14296805386686571277368
55774831913371041666
14296803713894536176160
14296804260786664434744
14296803478502403242048
14296803713894536143552
14296803697836711013432
14296803978212176096312
14296803416361734302776
217589017938230834
6799624571387698
871477393275725432
55774838709825605872
871477461995201912
871477530714678392
6962882715279424562
217589017938230930
6799625521388719
55774838696940703984
871477461458331002
6962882715279424658
217589017944522290
111693220283609196152
55774838709825409264
111693220421048149112
6962882715304590386
217589017944522386
55774838696940507376
6962882715304590482
6799624572428082
871477393273644664
6799624571379570
6799624705597234
871477393542063736
871477427633366648
871477461993121144
871477530712597624
871477462261540216
871477461993104888
871477530981016696
871477565072319608
217589018487635474
6799625388219567
217589020098248210
6799625387179183
6799625387171055
55774838692595602672
871477461456250234
55774843090642112752
55774838692595601904
871477461456233978
871477461456233977
871477461456233851
6962882766869134354
55774834324613404912
111693220283875534456
217589018472955634
55774831026078521584
111693220317966837368
111693215919920326264
111693216338263813744
55774843120706425072
111693220421314487416
55774839822171541744
111693220455405790328
111693216330210750064
3569607224293576557024
217589031441742319
14296805101707514646768
217589086657707554
6799628866354978
871477392201983612
6962883814791052322
6962882715279424802
871477529640936572
217589086657707650
217588965945579839
6962882717426777474
6799621226421439
6962883814791052418
6962881889169052223
6962882715279424898
217589086663999010
111693220282535454332
6962883814816218146
6962882715304590626
111693220419974407292
217589086663999106
217588965951871295
6962882717451943298
6962883814816218242
6962881889194218047
6962882715304590722
6799628867395362
871477392199902844
6799628866346850
6799629000564514
871477392468321916
871477358108583548
871477426559624828
871477529638855804
871477529907274876
111693215850395575420
871477563998577788
217588962736945439
6799621093252287
6962881829156975119
217588962736970015
6962881829157024271
6799621092211903
6799621092203775
6962881829157097999
6962881829090038303
6962881829157147151
55774834290253666552
111693220282801792636
217589087192432354
55774830991718783224
55774833186447071480
111693220316893095548
111693215918846584444
111693216354369941104
55774843086346686712
111693220420240745596
3569607223194064929264
1830000040590062404125152
111693220454332048508
111693216346316877424
217588962722265599
217588962722290175
6962881829031318271
14296805378801674785008
111693229148421662072
111693229217141138552
6962882715342339122
14296805378788789883120
111693229147884791162
6962882715342339218
14296805378801674588400
14296806504701581365488
3569607636286522811408
111693238013234127992
6962882717514857522
111693237875795175032
6962882715367504946
14296805378788789686512
14296806504688696463600
3569607636286522860560
6962882717514857618
6962882715367505042
111693229148419581304
111693229217139057784
111693229148419581176
111693229148688000376
111693221267591286407
111693229217407476856
111693221239626804848
14296805378784444781808
111693229147882710394
14296805383182491291888
14296805378784444781040
14296805378784444716016
111693220752195210887
111693225115881983623
111693216354148699783
6962882928597472015
14296805383212555604208
111693229520323751536
3569607636234933101616
14296805379914020720880
3569607636234933101712
111693220724230729328
111693216326184218224
3569607400284152291808
111693229528376815216
6962882721709063666
3569607189177919758816
111693220732283793008
14296805119370361616608
111693216334237281904
3569607435468524372448
3569607224362291839456
14296805120126788090080
14296807349945747255536
14296807349945747280112
6962882928538579951
6962883814853966882
6962882715342339362
111693229216067396732
6962883814853966978
6962881889231966783
6962882715342339458
6962883817026485282
111693237874721433212
6962883814879132706
6962882715367505186
111693238012160386172
6962883817026485378
6962881854897402431
6962882717514857858
6962883814879132802
6962881889257132607
6962882715367505282
111693229216065315964
6799629682926847
111693229216333735036
14296803964803901329656
111693221255732932208
6962881829152903951
6962881829085844255
6962881829152953103
871477399676151792
3569607399184640664048
111693229544482942576
6962883821220691426
3569607188078408131056
14296803402953459276024
111693220748389920368
14296805119885757692128
111693216350343409264
3569607962134594077168
14296805383178195865848
3569607434369012744688
111693229536429878896
1830000040801237351940576
3569607223262780211696
1830000040590131119407584
111693220740336856688
14296805120126787107040
111693216342290345584
14296805120126795430112
6962881829026952191
6962881829027001343
6962881829027075071
6962881829027124223
217589021696269874
55774837610196539632
217589018487660050
871477415855775268
217589020098272786
217589030907017519
871477415857856036
217589030907017615
871477416124194340
871477381764455972
871477450215497252
55774838709708167152
55774846117490864880
55774838692545271024
111693224416541348356
55774843090591781104
55774838692545270256
55774838692528297972
111693224416807686660
55774838692528297969
55774838692528297715
111693220752226819342
111693220052852478468
111693216354180308238
55774846117490889456
6962882766869183506
217589018472980210
217589021702561330
55774834324563073264
14296805120126788497424
55774831026028189936
14296804251802139138288
14296804260789219277024
14296803407377209006320
14296803969227650799856
14296803697839265855712
14296803978214730938592
14296803416364289145056
217589030913308975
111693220306191326756
217589030913309071
55774835046704773192
111693220306457665060
55774831748169889864
55774833942898178120
111693220340548967972
111693215942502456868
111693216354243525148
55774843120656093424
14296805120126790463504
55774839822121210096
14296804260598232158448
14296804260531521239264
14296803416173302026480
14296803697581567817952
14296803977957032900832
14296803416106591107296
3569607224292771250656
14296804260585347256560
1830000149582076074770464
14296803416160417124592
3664704109345530706966752
1830000095053989669953984
3664704038700858641780976
3664704037568312134121696
1830000059025192650990016
1830000077004406788383168
1830000041010794141508032
217588964347558175
871477391253200800
6962881842041877007
217588964347582751
6962881842041926159
217588962187540799
871477391120031648
217588962187540895
871477391118991264
871477391118983136
6962881824744665999
55774831914033692640
6962881842041999887
6962881841974940191
6962881842042049039
3569607176265912148096
3569607180287633293280
217588962193832255
111693220307265068576
217588962193832351
55774831913498967840
111693220307531406880
55774831782529628224
111693220341622709792
111693215943576198688
111693216338137397788
6962881824769831823
55774831913505259296
14296805386687108147256
55774831782479296576
14296803713928895914016
14296804260787201304632
14296803408133660112960
14296803713928895881408
14296803697837247883320
14296803978212712966200
14296803416362271172664
3569607180283439087136
14296805386622683637816
3569607180283439087232
1830000059546504045510688
14296804260722776795192
1830000059051555197935744
3664704037569135161931840
14296803697772823373880
1830000149560597099552880
14296803416297846663224
14296805383212505272560
14296805120126794395664
3569607636234958267440
14296805379913970389232
3569607636234958267536
14296806512398045319408
14296804260402672220384
14296805667973115187440
14296803697452718799072
14296803415977742088416
1830000077569523586318816
3664704037010730889820384
3569607400283346985440
14296805120126792429584
6962882721709112818
3569607189177114452448
14296806503601952299248
14296804260660370258144
1830000077006573632905696
14296803697710416836832
14296803416235440126176
6962882747579513906
3569607435467719066080
3569607224361486533088
938168946597216357653299680
14296806512385160417520
1830000149582076090499104
14296805667960230285552
3664704109345401857947872
1830000095049866501349824
3664704040952658454941936
1830000059021069482385856
1830000077000283619779008
1830000041006670972903872
1830000077569111269458400
3664704257122142033842416
234241191569653118096310336
3664704040949359920058608
938168955802321415380853184
234241188095249066534601600
938168965025658267863540160
938168946596928592663470528
234241185789406057320907648
234241186941201662020912000
234241184636484552714060672
6962882924344373807
111693237898377305636
6962882924344373903
3569607423382486376592
111693229544356526620
3569607212276253843600
14296803403709910382664
111693220748263504412
14296805119883739719736
111693216350216993308
6962881824832746047
111693221238555004976
6962881824832746143
3569607180281203654176
111693221238421835824
3569607180281203654272
111693220732157377052
14296805119368343644216
111693216334110865948
6962881824832746383
3569607180281228820000
14296805386558259128376
3569607180281228820096
14296803713860176437296
14296804260658352285752
1830000059545406681235840
14296803697708398864440
14296803416233422153784
3569607180281266568736
14296805402986509035576
3569607180281291734560
14296805386493834618936
3569607180281266568832
3569607180281291734656
14296804277086602192952
3664704038718450818410552
14296805502520862578460
14296803714136648771640
871477416923127712
1830000059545404533882928
3664704117231006093684752
1830000059545404533883168
14296804260593927776312
1830000059545404533883264
14296803697643974355000
1830000149591383425130608
14296803416168997644344
6962881859192476223
55774831985976483600
871477395548168080
871477485112122658
6962881861369229839
55774832398293344016
55774831848537530160
6962881874187022879
871477386958233520
6962881874254131727
55774831985982775056
111693221388589678084
6962881861369278991
55774832398299635472
55774831848543821616
6962881874187072031
6962881874254180879
871477395414998928
871477485114203426
871477412593819536
871477395413958544
871477485112106402
871477485112106401
871477485112106275
55774831845328895760
871477386825064368
6962881822597313087
55774831845328920336
6962881822597313183
871477386824023984
871477386824015856
6962881822597313327
6962881822597313423
55774839448979404612
111693221388856016388
55774832807386890000
55774839448979404609
55774839448979404355
111693220752290027320
111693217024900808196
111693216354243516216
3569607152068066435552
55774831845314215920
55774831845314240496
6962881861369352719
6962881874254254607
3569607181413015371280
111693233280816943366
6962881861369401871
3569607188010085137936
3569607179213992115760
6962881874187194911
6962881874254303759
3569607176678363218048
3569607176266046357632
111693220701517111408
3569607672930864454690
111693229544356517688
3569607212173470498320
3569607672930864454786
14296803473529968326664
111693220748263495480
14296805119883739683952
111693216350216984376
3569607152480517505504
3569607152068200645088
111693242238666253432
3569607179188121665520
3569607179188121714672
55774831846939508496
111693220444704021536
6962881822622478911
55774831846939533072
6962881822622479007
55774831844779491120
111693220444970359840
55774831844779491216
111693220479061662752
111693216330084334108
3569607179183839379328
14296803696337244598496
6962881822622479151
6962881822622479247
1830000040614260249837696
55774831844785782576
14296805386429410109496
55774831844785782672
14296803696336709873696
14296804260529503266872
14296803416929753133120
14296803697579549845560
14296803977955014928440
14296803416104573134904
3569607179183864545152
14296803696336716165152
1830000167111551457927280
14296803416916868231232
3664704109345528688994360
1830000095053957419999344
3664704038701615092887616
3664704037568310116149304
1830000059025160401035376
1830000077004374538428528
1830000041010761891553392
3569607179183927459376
14296805386364985600056
3569607179183927459472
1830000058983554092097568
14296804260465078757432
1830000058983554092097664
14296803697515125336120
1830000149552350762344560
14296803416040148625464
3569607179183927459712
1830000058983554117263392
1830000167109489873625200
1830000058983554117263488
3664704109345464264484920
1830000095051895835697264
938168956019194319916351872
1830000059023098816733296
1830000041008700307251312
14296803696409187389456
111693220697389127696
111693221796900751376
6962881822660227647
14296803696821504249872
14296803696271748436016
3569607179233281736208
111693220688799193136
6962881822685393471
14296803696409193680912
111693229171540663586
6962881822660227743
14296803696821510541328
14296803696271754727472
3569607179233281785360
6962881822685393567
111693220697255958544
111693221796767582224
111693220714434779152
111693220697254918160
111693221813946402832
111693222913458030608
111693221267622890396
14296803696268539801616
111693220688666023984
3569607179181692026416
14296803696268539826192
3569607179181692026512
111693220688664983600
111693216326057802268
3569607179181692026656
3569607179181692026752
14296803732414969876496
111693229171538582818
14296803697230597795856
14296803837968086142992
14296803907787074506768
111693220752226814876
111693225115913587612
111693216354180303772
6962883821279583490
14296803696268525121776
14296803696268525146352
6962881822660227887
6962881822685393711
6962881822660227983
6962881822685393807
1830000040825435197653120
1830000040614328965120128
14296805120162912593976
6962882721835015426
6962882721835064578
871477563723786104
14296803696270150414352
14296805386300561090616
3569607179181717192240
14296803696270150438928
3569607179181717192336
14296803696267990396976
14296804260400654247992
14296803696267990397072
14296803697450700826680
14296803415975724116024
1830000058982456727822720
3664704037010728871847992
3569607179181717192480
3569607179181717192576
938168946597240555499012224
14296803696267996688432
1830000167107428289323120
14296803696267996688528
3664704109345399839975480
1830000095049834251395184
3664704040953414906048576
1830000059021037232431216
1830000077000251369824368
1830000041006638722949232
1830000058982456752988544
3664704112727474643726368
234241192706934569264120032
3664704040950116371165248
938168955802321383130898544
234241188095248550836732128
938168965025658235613585520
938168946596928560413515888
234241185789405541623038176
234241186941201146323042528
234241184636484037016191200
3664704112727547114950672
14296805402728810997816
14296805435714159831096
3569607179181754940976
3664704112727959431811088
3664704112727409675997232
1830000058982506170179600
14296805386236136581176
3569607179181780106800
3664704112727547121242128
14296805501684857497656
3569607179181754941072
3664704112727959438102544
3664704112727409682288688
1830000058982506170228752
3569607179181780106896
14296804276828904155192
14296804309814252988472
14296805502649711597340
14296803713878950733880
14296805436679013930780
14296806558180874262300
14296804310779107088156
3664704112727406467362832
14296804260336229738552
1830000058982454580469808
3664704112727406467387408
1830000058982454580469904
14296803697386276317240
14296803415911299606584
1830000058982454580470048
1830000058982454580470144
1830000149583137087922288
3664704112763552897437712
14296805403693665097500
3664704112728368525357072
3664704112869106013704208
3664704112938925002067984
14296804277793758254876
14296804838544688420636
14296803714843804833564
3569607196825463586320
3664704037010664447338552
3664704112727406452707568
3569607179181754941216
3569607179181780107040
3569607179181754941312
3569607179181780107136
938168946705362128780509312
938168946597275737723617408
1830000149582656051585136
6962881857019957823
6962881857045123647
6799631014618494
3664704112727408077975568
1830000167105366705021040
1830000058982454605635632
3664704112727408078000144
1830000058982454605635728
3664704109345335415466040
1830000095047772667093104
3664704112727405917958288
1830000059018975648129136
1830000041004577138647152
938168956018631369962938752
938168946561073623670694000
1830000058982454605635872
1830000058982454605635968
480961470677412979231351226496
3664704112727405924249648
234241192706868598566453472
3664704112727405924249744
938168955802319321546596464
234241188095182580139065568
938168965025656174029283440
234241185789339570925371616
234241186941135175625375968
234241184636418066318524640
938168956018631369988104576
938168992695666731477344368
29983023190283135272900755904
938169001919003583960031344
240172459243056951851958042848
29983022895135230093547930048
240172460423647446669462503648
240172458063617126739246743776
29983022747561277503871517120
29983022821312225001690759616
29983022673774301209033310656
File 2:
Found normal match!
Found normal match!
Found normal match!
Found normal match!
Found normal match!
Found normal match!
Found normal match!
Found normal match!
Found normal match!
Found normal match!
Found normal match!
Found normal match!
Found normal match!
Found normal match!
Found normal match!
Found normal match!
Found normal match!
Found normal match!
Found normal match!
Found normal match!
Found normal match!
Found normal match!
Found normal match!
Found normal match!
Found normal match!
Found normal match!
Found normal match!
Num numNormalMatches: 27
Num in file1 hashset: 46792
File 3:
Found devious match!
55774838424205914224
....#...|
....#..#|
########|
#..##..#|
####....|
.###....|



Solution in 3x2x1 file:
Num unique solutions found: 62328
----
Unique solution found:
..###.|
..#.##|
..#.##|
..####|
####..|
..#...|
..#...|
.###..|

Shape 1:
|..|..|20|21|13|..|
|..|..|19|..|18|16|
|..|..|17|..|12| 8|
|..|..|15|14|11| 6|
| 3| 2| 0| 1|..|..|
|..|..| 5|..|..|..|
|..|..| 7|..|..|..|
|..| 4| 9|10|..|..|

Shape 2:
|..|..|20|21|13|..|
|..|..|19|..|18|16|
|..|..|17|..|12| 8|
|..|..|15|14|11| 6|
| 3| 2| 0| 1|..|..|
|..|..| 5|..|..|..|
|..|..| 7|..|..|..|
|..| 4| 9|10|..|..|

Solution code: 55774838424205914224



Found devious match!
14296803684634090306568
......#.|
......##|
.###.##.|
.#.####.|
##...#..|
.#####..|
....#...|



Solution in 3x2x1 file:
Num unique solutions found: 535758
----
Unique solution found:
....#...|
.#####..|
##...#..|
.#.####.|
.###.##.|
......##|
......#.|

Shape 1:
|..|..|..|..|10|..|..|..|
|..|21|13|12| 9|20|..|..|
|19|18|..|..|..| 4|..|..|
|..|16|..| 8| 7| 3|17|..|
|..|14|11| 6|..| 2|15|..|
|..|..|..|..|..|..| 0| 1|
|..|..|..|..|..|..| 5|..|

Shape 2:
|..|..|..|..|10|..|..|..|
|..|21|13|12| 9|20|..|..|
|19|18|..|..|..| 4|..|..|
|..|16|..| 8| 7| 3|17|..|
|..|14|11| 6|..| 2|15|..|
|..|..|..|..|..|..| 0| 1|
|..|..|..|..|..|..| 5|..|

Solution code: 14296803684634090306568



Found devious match!
111693216326184736312
......#|
...####|
...####|
####...|
##.#...|
.#.##..|
.###...|



Solution in 3x2x1 file:
Num unique solutions found: 758642
----
Unique solution found:
....###|
....##.|
.#..##.|
######.|
#..#...|
####...|
..##...|

Shape 1:
|..|..|..|..|19|18|13|
|..|..|..|..|17|16|..|
|..| 7|..|..|15|14|..|
| 4| 9| 3| 2| 0| 1|..|
|20|..|..| 5|..|..|..|
|21|10| 8| 6|..|..|..|
|..|..|12|11|..|..|..|

Shape 2:
|..|..|..|..|19|18|13|
|..|..|..|..|17|16|..|
|..| 7|..|..|15|14|..|
| 4| 9| 3| 2| 0| 1|..|
|20|..|..| 5|..|..|..|
|21|10| 8| 6|..|..|..|
|..|..|12|11|..|..|..|

Solution code: 111693216326184736312



Found devious match!
6799622435481464
....###|
.#####.|
######.|
#..###.|
####...|



Solution in 3x2x1 file:
Num unique solutions found: 787578
----
Unique solution found:
...####|
.###..#|
.######|
.#####.|
###....|

Shape 1:
|..|..|..|21|10| 9|20|
|..|19|18|13|..|..| 4|
|..|17|16|12| 8| 7| 3|
|..|15|14|11| 6| 5|..|
| 2| 0| 1|..|..|..|..|

Shape 2:
|..|..|..|21|10| 9|20|
|..|19|18|13|..|..| 4|
|..|17|16|12| 8| 7| 3|
|..|15|14|11| 6| 5|..|
| 2| 0| 1|..|..|..|..|

Solution code: 6799622435481464



Found devious match!
111693216326183760952
......#|
...####|
...####|
####...|
.#.##..|
##.#...|
.###...|



Solution in 3x2x1 file:
Num unique solutions found: 787890
----
Unique solution found:
...#.#.|
...####|
...#..#|
.######|
.##.#..|
.##....|
###....|

Shape 1:
|..|..|..| 4|..| 3|..|
|..|..|..|20| 9| 7| 5|
|..|..|..|21|..|..| 6|
|..|19|18|13|10|12|11|
|..|17|16|..| 8|..|..|
|..|15|14|..|..|..|..|
| 2| 0| 1|..|..|..|..|

Shape 2:
|..|..|..| 4|..| 3|..|
|..|..|..|20| 9| 7| 5|
|..|..|..|21|..|..| 6|
|..|19|18|13|10|12|11|
|..|17|16|..| 8|..|..|
|..|15|14|..|..|..|..|
| 2| 0| 1|..|..|..|..|

Solution code: 111693216326183760952



Found devious match!
111693220724230272056
.....#.|
...####|
...####|
####...|
.#.##..|
##.#...|
.###...|



Solution in 3x2x1 file:
Num unique solutions found: 1002947
----
Unique solution found:
.###...|
##.#...|
.#.##..|
####...|
...####|
...####|
.....#.|

Shape 1:
|..|19|18|13|..|..|..|
| 3|17|..|12|..|..|..|
|..|15|..|14|16|..|..|
| 2| 0| 1|11|..|..|..|
|..|..|..| 6| 8|10|21|
|..|..|..| 5| 7| 9|20|
|..|..|..|..|..| 4|..|

Shape 2:
|..|19|18|13|..|..|..|
| 3|17|..|12|..|..|..|
|..|15|..|14|16|..|..|
| 2| 0| 1|11|..|..|..|
|..|..|..| 6| 8|10|21|
|..|..|..| 5| 7| 9|20|
|..|..|..|..|..| 4|..|

Solution code: 111693220724230272056



Found devious match!
111693225087917044792
.....##|
...###.|
...####|
####...|
.#.##..|
##.#...|
.###...|



Solution in 3x2x1 file:
Num unique solutions found: 1002948
----
Unique solution found:
.###...|
##.#...|
.#.##..|
####...|
...####|
...###.|
.....##|

Shape 1:
|..|19|18|13|..|..|..|
| 3|17|..|12|..|..|..|
|..|15|..|14|16|..|..|
| 2| 0| 1|11|..|..|..|
|..|..|..| 6| 8|10|21|
|..|..|..| 5| 7| 9|..|
|..|..|..|..|..| 4|20|

Shape 2:
|..|19|18|13|..|..|..|
| 3|17|..|12|..|..|..|
|..|15|..|14|16|..|..|
| 2| 0| 1|11|..|..|..|
|..|..|..| 6| 8|10|21|
|..|..|..| 5| 7| 9|..|
|..|..|..|..|..| 4|20|

Solution code: 111693225087917044792



Found devious match!
111693225053557306424
.....##|
...##.#|
...####|
####...|
.#.##..|
##.#...|
.###...|



Solution in 3x2x1 file:
Num unique solutions found: 1002949
----
Unique solution found:
.###...|
##.#...|
.#.##..|
####...|
...####|
...##.#|
.....##|

Shape 1:
|..|19|18|13|..|..|..|
| 3|17|..|12|..|..|..|
|..|15|..|14|16|..|..|
| 2| 0| 1|11|..|..|..|
|..|..|..| 6| 8|10|21|
|..|..|..| 5| 7|..|20|
|..|..|..|..|..| 9| 4|

Shape 2:
|..|19|18|13|..|..|..|
| 3|17|..|12|..|..|..|
|..|15|..|14|16|..|..|
| 2| 0| 1|11|..|..|..|
|..|..|..| 6| 8|10|21|
|..|..|..| 5| 7|..|20|
|..|..|..|..|..| 9| 4|

Solution code: 111693225053557306424



Found devious match!
14296805119112659914864
.....###|
...###..|
...###..|
####....|
.#.##...|
##.#....|
.###....|



Solution in 3x2x1 file:
Num unique solutions found: 1002950
----
Unique solution found:
.###....|
##.#....|
.#.##...|
####....|
...###..|
...###..|
.....###|

Shape 1:
|..|19|18|13|..|..|..|..|
| 3|17|..|12|..|..|..|..|
|..|15|..|14|16|..|..|..|
| 2| 0| 1|11|..|..|..|..|
|..|..|..| 6| 8|10|..|..|
|..|..|..| 5| 7| 9|..|..|
|..|..|..|..|..| 4|20|21|

Shape 2:
|..|19|18|13|..|..|..|..|
| 3|17|..|12|..|..|..|..|
|..|15|..|14|16|..|..|..|
| 2| 0| 1|11|..|..|..|..|
|..|..|..| 6| 8|10|..|..|
|..|..|..| 5| 7| 9|..|..|
|..|..|..|..|..| 4|20|21|

Solution code: 14296805119112659914864



Found devious match!
14296805949159360483440
....#.#.|
....####|
....#..#|
..######|
...#.#..|
##.#....|
.###....|



Solution in 3x2x1 file:
Num unique solutions found: 1002954
----
Unique solution found:
.###...|
##.#...|
.#.##..|
####...|
...####|
...#..#|
.....##|
.....#.|

Shape 1:
|..|19|18|13|..|..|..|
| 3|17|..|12|..|..|..|
|..|15|..|14|16|..|..|
| 2| 0| 1|11|..|..|..|
|..|..|..| 6| 8|10|21|
|..|..|..| 5|..|..|20|
|..|..|..|..|..| 9| 4|
|..|..|..|..|..| 7|..|

Shape 2:
|..|19|18|13|..|..|..|
| 3|17|..|12|..|..|..|
|..|15|..|14|16|..|..|
| 2| 0| 1|11|..|..|..|
|..|..|..| 6| 8|10|21|
|..|..|..| 5|..|..|20|
|..|..|..|..|..| 9| 4|
|..|..|..|..|..| 7|..|

Solution code: 14296805949159360483440



Found devious match!
14296805120194991673456
.....###|
...###.#|
...##...|
####....|
.#.##...|
##.#....|
.###....|



Solution in 3x2x1 file:
Num unique solutions found: 1002990
----
Unique solution found:
.###....|
##.#....|
.#.##...|
####....|
...##...|
...###.#|
.....###|

Shape 1:
|..|19|18|13|..|..|..|..|
| 3|17|..|12|..|..|..|..|
|..|15|..|14|16|..|..|..|
| 2| 0| 1|11|..|..|..|..|
|..|..|..| 6| 8|..|..|..|
|..|..|..| 5| 7| 9|..|10|
|..|..|..|..|..| 4|20|21|

Shape 2:
|..|19|18|13|..|..|..|..|
| 3|17|..|12|..|..|..|..|
|..|15|..|14|16|..|..|..|
| 2| 0| 1|11|..|..|..|..|
|..|..|..| 6| 8|..|..|..|
|..|..|..| 5| 7| 9|..|10|
|..|..|..|..|..| 4|20|21|

Solution code: 14296805120194991673456



Found devious match!
1830000203132692530962544
.....#.#.|
.....####|
.....#..#|
....#####|
....#.#..|
###.#....|
..###....|



Solution in 3x2x1 file:
Num unique solutions found: 1003014
----
Unique solution found:
.###...|
##.#...|
.#.##..|
####...|
...####|
......#|
.....##|
.....#.|
.....#.|

Shape 1:
|..|19|18|13|..|..|..|
| 3|17|..|12|..|..|..|
|..|15|..|14|16|..|..|
| 2| 0| 1|11|..|..|..|
|..|..|..| 6| 8|10|21|
|..|..|..|..|..|..|20|
|..|..|..|..|..| 9| 4|
|..|..|..|..|..| 7|..|
|..|..|..|..|..| 5|..|

Shape 2:
|..|19|18|13|..|..|..|
| 3|17|..|12|..|..|..|
|..|15|..|14|16|..|..|
| 2| 0| 1|11|..|..|..|
|..|..|..| 6| 8|10|21|
|..|..|..|..|..|..|20|
|..|..|..|..|..| 9| 4|
|..|..|..|..|..| 7|..|
|..|..|..|..|..| 5|..|

Solution code: 1830000203132692530962544



Found devious match!
111693229520323286136
....#..|
...####|
...####|
####...|
.#.##..|
.#.#...|
####...|



Solution in 3x2x1 file:
Num unique solutions found: 1005336
----
Unique solution found:
####...|
.#.#...|
.#.##..|
####...|
...####|
...####|
....#..|

Shape 1:
| 4|19|18|13|..|..|..|
|..|17|..|12|..|..|..|
|..|15|..|14|16|..|..|
| 2| 0| 1|11|..|..|..|
|..|..|..| 6| 8|10|21|
|..|..|..| 5| 7| 9|20|
|..|..|..|..| 3|..|..|

Shape 2:
| 4|19|18|13|..|..|..|
|..|17|..|12|..|..|..|
|..|15|..|14|16|..|..|
| 2| 0| 1|11|..|..|..|
|..|..|..| 6| 8|10|21|
|..|..|..| 5| 7| 9|20|
|..|..|..|..| 3|..|..|

Solution code: 111693229520323286136



Found devious match!
228456025869590387917024
.....#....|
.....###..|
.#####.###|
.#..#...#.|
###.#.....|
..###.....|



Solution in 3x2x1 file:
Num unique solutions found: 1064907
----
Unique solution found:
...#..|
..##..|
...##.|
....#.|
...###|
####..|
#..#..|
##.#..|
.###..|
.#....|

Shape 1:
|..|..|..|20|..|..|
|..|..| 9| 4|..|..|
|..|..|..| 3|17|..|
|..|..|..|..|15|..|
|..|..|..| 2| 0| 1|
| 8|12| 7| 5|..|..|
|10|..|..| 6|..|..|
|21|13|..|11|..|..|
|..|18|16|14|..|..|
|..|19|..|..|..|..|

Shape 2:
|..|..|..|20|..|..|
|..|..| 9| 4|..|..|
|..|..|..| 3|17|..|
|..|..|..|..|15|..|
|..|..|..| 2| 0| 1|
| 8|12| 7| 5|..|..|
|10|..|..| 6|..|..|
|21|13|..|11|..|..|
|..|18|16|14|..|..|
|..|19|..|..|..|..|

Solution code: 228456025869590387917024



Found devious match!
6799622169143160
....##.|
.######|
######.|
#..###.|
####...|



Solution in 3x2x1 file:
Num unique solutions found: 1188309
----
Unique solution found:
####...|
#..###.|
######.|
.######|
....##.|

Shape 1:
|21|10| 9|20|..|..|..|
|13|..|..| 4|19|18|..|
|12| 8| 7| 3|17|16|..|
|..| 6| 5| 2|15|14|11|
|..|..|..|..| 0| 1|..|

Shape 2:
|21|10| 9|20|..|..|..|
|13|..|..| 4|19|18|..|
|12| 8| 7| 3|17|16|..|
|..| 6| 5| 2|15|14|11|
|..|..|..|..| 0| 1|..|

Solution code: 6799622169143160



Found devious match!
6799622433384312
....###|
.####.#|
######.|
#..###.|
####...|



Solution in 3x2x1 file:
Num unique solutions found: 1201954
----
Unique solution found:
####...|
#..###.|
######.|
.####.#|
....###|

Shape 1:
|21|10| 9|20|..|..|..|
|13|..|..| 4|19|18|..|
|12| 8| 7| 3|17|16|..|
|..| 6| 5| 2|15|..|14|
|..|..|..|..| 0| 1|11|

Shape 2:
|21|10| 9|20|..|..|..|
|13|..|..| 4|19|18|..|
|12| 8| 7| 3|17|16|..|
|..| 6| 5| 2|15|..|14|
|..|..|..|..| 0| 1|11|

Solution code: 6799622433384312



Found devious match!
217589015299792112
....###.|
.####.##|
#####...|
#..###..|
####....|



Solution in 3x2x1 file:
Num unique solutions found: 1219672
----
Unique solution found:
####....|
#..###..|
#####...|
.####.##|
....###.|

Shape 1:
|21|10| 9|20|..|..|..|..|
|13|..|..| 4|19|18|..|..|
|12| 8| 7| 3|17|..|..|..|
|..| 6| 5| 2|15|..|14|16|
|..|..|..|..| 0| 1|11|..|

Shape 2:
|21|10| 9|20|..|..|..|..|
|13|..|..| 4|19|18|..|..|
|12| 8| 7| 3|17|..|..|..|
|..| 6| 5| 2|15|..|14|16|
|..|..|..|..| 0| 1|11|..|

Solution code: 217589015299792112



Found devious match!
6962882717419551856
.....####|
....##..#|
....#####|
###.####.|
..###....|



Solution in 3x2x1 file:
Num unique solutions found: 1219917
----
Unique solution found:
####.....|
#..##....|
#####....|
.####.###|
....###..|

Shape 1:
|21|10| 9|20|..|..|..|..|..|
|13|..|..| 4|19|..|..|..|..|
|12| 8| 7| 3|17|..|..|..|..|
|..| 6| 5| 2|15|..|14|16|18|
|..|..|..|..| 0| 1|11|..|..|

Shape 2:
|21|10| 9|20|..|..|..|..|..|
|13|..|..| 4|19|..|..|..|..|
|12| 8| 7| 3|17|..|..|..|..|
|..| 6| 5| 2|15|..|14|16|18|
|..|..|..|..| 0| 1|11|..|..|

Solution code: 6962882717419551856



Found devious match!
6962882715339177072
.....####|
.....#..#|
#...#####|
###.####.|
..###....|



Solution in 3x2x1 file:
Num unique solutions found: 1241451
----
Unique solution found:
####.....|
#..#.....|
#####...#|
.####.###|
....###..|

Shape 1:
|21|10| 9|20|..|..|..|..|..|
|13|..|..| 4|..|..|..|..|..|
|12| 8| 7| 3|17|..|..|..|19|
|..| 6| 5| 2|15|..|14|16|18|
|..|..|..|..| 0| 1|11|..|..|

Shape 2:
|21|10| 9|20|..|..|..|..|..|
|13|..|..| 4|..|..|..|..|..|
|12| 8| 7| 3|17|..|..|..|19|
|..| 6| 5| 2|15|..|14|16|18|
|..|..|..|..| 0| 1|11|..|..|

Solution code: 6962882715339177072



Found devious match!
1830000148737375186181176
......###|
......#.#|
......#.#|
......###|
...#...#.|
####.###.|
...###...|



Solution in 3x2x1 file:
Num unique solutions found: 1242537
----
Unique solution found:
......###|
......#.#|
......#.#|
......###|
...#...#.|
####.###.|
...###...|

Shape 1:
|..|..|..|..|..|..|12|13|21|
|..|..|..|..|..|..| 8|..|10|
|..|..|..|..|..|..| 7|..| 9|
|..|..|..|..|..|..| 3| 4|20|
|..|..|..|17|..|..|..|19|..|
| 6| 5| 2|15|..|14|16|18|..|
|..|..|..| 0| 1|11|..|..|..|

Shape 2:
|..|..|..|..|..|..|12|13|21|
|..|..|..|..|..|..| 8|..|10|
|..|..|..|..|..|..| 7|..| 9|
|..|..|..|..|..|..| 3| 4|20|
|..|..|..|17|..|..|..|19|..|
| 6| 5| 2|15|..|14|16|18|..|
|..|..|..| 0| 1|11|..|..|..|

Solution code: 1830000148737375186181176



Found devious match!
14296805102517288627768
.....###|
....##.#|
.....#.#|
.....###|
..#...#.|
###.###.|
..###...|



Solution in 3x2x1 file:
Num unique solutions found: 1242594
----
Unique solution found:
.....###|
....##.#|
.....#.#|
.....###|
..#...#.|
###.###.|
..###...|

Shape 1:
|..|..|..|..|..|12|13|21|
|..|..|..|..| 6| 8|..|10|
|..|..|..|..|..| 7|..| 9|
|..|..|..|..|..| 3| 4|20|
|..|..|17|..|..|..|19|..|
| 5| 2|15|..|14|16|18|..|
|..|..| 0| 1|11|..|..|..|

Shape 2:
|..|..|..|..|..|12|13|21|
|..|..|..|..| 6| 8|..|10|
|..|..|..|..|..| 7|..| 9|
|..|..|..|..|..| 3| 4|20|
|..|..|17|..|..|..|19|..|
| 5| 2|15|..|14|16|18|..|
|..|..| 0| 1|11|..|..|..|

Solution code: 14296805102517288627768



Found devious match!
111693220445450839928
.....#.|
....###|
......#|
.##..##|
####.#.|
#..###.|
####...|



Solution in 3x2x1 file:
Num unique solutions found: 1243082
----
Unique solution found:
....###|
...##.#|
...##.#|
....###|
.#...#.|
##.###.|
.###...|

Shape 1:
|..|..|..|..|12|13|21|
|..|..|..| 6| 8|..|10|
|..|..|..| 5| 7|..| 9|
|..|..|..|..| 3| 4|20|
|..|17|..|..|..|19|..|
| 2|15|..|14|16|18|..|
|..| 0| 1|11|..|..|..|

Shape 2:
|..|..|..|..|12|13|21|
|..|..|..| 6| 8|..|10|
|..|..|..| 5| 7|..| 9|
|..|..|..|..| 3| 4|20|
|..|17|..|..|..|19|..|
| 2|15|..|14|16|18|..|
|..| 0| 1|11|..|..|..|

Solution code: 111693220445450839928



Found devious match!
871477555134113656
....###|
......#|
.###.##|
####.#.|
#..###.|
####...|



Solution in 3x2x1 file:
Num unique solutions found: 1278466
----
Unique solution found:
...###|
..##.#|
..##.#|
..####|
#...#.|
#.###.|
###...|

Shape 1:
|..|..|..|12|13|21|
|..|..| 6| 8|..|10|
|..|..| 5| 7|..| 9|
|..|..| 2| 3| 4|20|
|17|..|..|..|19|..|
|15|..|14|16|18|..|
| 0| 1|11|..|..|..|

Shape 2:
|..|..|..|12|13|21|
|..|..| 6| 8|..|10|
|..|..| 5| 7|..| 9|
|..|..| 2| 3| 4|20|
|17|..|..|..|19|..|
|15|..|14|16|18|..|
| 0| 1|11|..|..|..|

Solution code: 871477555134113656



Found devious match!
55774831845328371473
......#.|
....###.|
..###.##|
####...#|
..######|
...#...#|



Solution in 3x2x1 file:
Num unique solutions found: 1288963
----
Unique solution found:
...#...#|
..######|
####...#|
..###.##|
....###.|
......#.|

Shape 1:
|..|..|..|20|..|..|..|21|
|..|..| 9| 4|19|18|13|10|
|12| 8| 7| 3|..|..|..|17|
|..|..| 5| 2|15|..|14|16|
|..|..|..|..| 0| 1|11|..|
|..|..|..|..|..|..| 6|..|

Shape 2:
|..|..|..|20|..|..|..|21|
|..|..| 9| 4|19|18|13|10|
|12| 8| 7| 3|..|..|..|17|
|..|..| 5| 2|15|..|14|16|
|..|..|..|..| 0| 1|11|..|
|..|..|..|..|..|..| 6|..|

Solution code: 55774831845328371473



Found devious match!
6962882717448911984
.....####|
....##..#|
.#...####|
###.####.|
..###....|



Solution in 3x2x1 file:
Num unique solutions found: 1289614
----
Unique solution found:
####.....|
#..##....|
####...#.|
.####.###|
....###..|

Shape 1:
|21|10| 9|20|..|..|..|..|..|
|13|..|..| 4|19|..|..|..|..|
|12| 8| 7| 3|..|..|..|17|..|
|..| 6| 5| 2|15|..|14|16|18|
|..|..|..|..| 0| 1|11|..|..|

Shape 2:
|21|10| 9|20|..|..|..|..|..|
|13|..|..| 4|19|..|..|..|..|
|12| 8| 7| 3|..|..|..|17|..|
|..| 6| 5| 2|15|..|14|16|18|
|..|..|..|..| 0| 1|11|..|..|

Solution code: 6962882717448911984



Found devious match!
217589015299333360
....###.|
.####.##|
####...#|
#..###..|
####....|



Solution in 3x2x1 file:
Num unique solutions found: 1289626
----
Unique solution found:
####....|
#..###..|
####...#|
.####.##|
....###.|

Shape 1:
|21|10| 9|20|..|..|..|..|
|13|..|..| 4|19|18|..|..|
|12| 8| 7| 3|..|..|..|17|
|..| 6| 5| 2|15|..|14|16|
|..|..|..|..| 0| 1|11|..|

Shape 2:
|21|10| 9|20|..|..|..|..|
|13|..|..| 4|19|18|..|..|
|12| 8| 7| 3|..|..|..|17|
|..| 6| 5| 2|15|..|14|16|
|..|..|..|..| 0| 1|11|..|

Solution code: 217589015299333360



Found devious match!
6962882715368537200
.....####|
.....#..#|
##...####|
###.####.|
..###....|



Solution in 3x2x1 file:
Num unique solutions found: 1289658
----
Unique solution found:
####.....|
#..#.....|
####...##|
.####.###|
....###..|

Shape 1:
|21|10| 9|20|..|..|..|..|..|
|13|..|..| 4|..|..|..|..|..|
|12| 8| 7| 3|..|..|..|17|19|
|..| 6| 5| 2|15|..|14|16|18|
|..|..|..|..| 0| 1|11|..|..|

Shape 2:
|21|10| 9|20|..|..|..|..|..|
|13|..|..| 4|..|..|..|..|..|
|12| 8| 7| 3|..|..|..|17|19|
|..| 6| 5| 2|15|..|14|16|18|
|..|..|..|..| 0| 1|11|..|..|

Solution code: 6962882715368537200



Found devious match!
1830000148737375178841144
......###|
......#.#|
......#.#|
......###|
......##.|
####.###.|
...###...|



Solution in 3x2x1 file:
Num unique solutions found: 1295138
----
Unique solution found:
......###|
......#.#|
......#.#|
......###|
......##.|
####.###.|
...###...|

Shape 1:
|..|..|..|..|..|..|12|13|21|
|..|..|..|..|..|..| 8|..|10|
|..|..|..|..|..|..| 7|..| 9|
|..|..|..|..|..|..| 3| 4|20|
|..|..|..|..|..|..|17|19|..|
| 6| 5| 2|15|..|14|16|18|..|
|..|..|..| 0| 1|11|..|..|..|

Shape 2:
|..|..|..|..|..|..|12|13|21|
|..|..|..|..|..|..| 8|..|10|
|..|..|..|..|..|..| 7|..| 9|
|..|..|..|..|..|..| 3| 4|20|
|..|..|..|..|..|..|17|19|..|
| 6| 5| 2|15|..|14|16|18|..|
|..|..|..| 0| 1|11|..|..|..|

Solution code: 1830000148737375178841144



Found devious match!
14296805102517286792760
.....###|
....##.#|
.....#.#|
.....###|
.....##.|
###.###.|
..###...|



Solution in 3x2x1 file:
Num unique solutions found: 1295383
----
Unique solution found:
.....###|
....##.#|
.....#.#|
.....###|
.....##.|
###.###.|
..###...|

Shape 1:
|..|..|..|..|..|12|13|21|
|..|..|..|..| 6| 8|..|10|
|..|..|..|..|..| 7|..| 9|
|..|..|..|..|..| 3| 4|20|
|..|..|..|..|..|17|19|..|
| 5| 2|15|..|14|16|18|..|
|..|..| 0| 1|11|..|..|..|

Shape 2:
|..|..|..|..|..|12|13|21|
|..|..|..|..| 6| 8|..|10|
|..|..|..|..|..| 7|..| 9|
|..|..|..|..|..| 3| 4|20|
|..|..|..|..|..|17|19|..|
| 5| 2|15|..|14|16|18|..|
|..|..| 0| 1|11|..|..|..|

Solution code: 14296805102517286792760



Found devious match!
111693220308011951992
.....#.|
.....##|
......#|
.##..##|
######.|
#..###.|
####...|



Solution in 3x2x1 file:
Num unique solutions found: 1298179
----
Unique solution found:
....###|
...##.#|
...##.#|
....###|
....##.|
##.###.|
.###...|

Shape 1:
|..|..|..|..|12|13|21|
|..|..|..| 6| 8|..|10|
|..|..|..| 5| 7|..| 9|
|..|..|..|..| 3| 4|20|
|..|..|..|..|17|19|..|
| 2|15|..|14|16|18|..|
|..| 0| 1|11|..|..|..|

Shape 2:
|..|..|..|..|12|13|21|
|..|..|..| 6| 8|..|10|
|..|..|..| 5| 7|..| 9|
|..|..|..|..| 3| 4|20|
|..|..|..|..|17|19|..|
| 2|15|..|14|16|18|..|
|..| 0| 1|11|..|..|..|

Solution code: 111693220308011951992



Found devious match!
871477417695225720
.....##|
......#|
.###.##|
######.|
#..###.|
####...|



Solution in 3x2x1 file:
Num unique solutions found: 1307717
----
Unique solution found:
...###|
..##.#|
..##.#|
..####|
...##.|
#.###.|
###...|

Shape 1:
|..|..|..|12|13|21|
|..|..| 6| 8|..|10|
|..|..| 5| 7|..| 9|
|..|..| 2| 3| 4|20|
|..|..|..|17|19|..|
|15|..|14|16|18|..|
| 0| 1|11|..|..|..|

Shape 2:
|..|..|..|12|13|21|
|..|..| 6| 8|..|10|
|..|..| 5| 7|..| 9|
|..|..| 2| 3| 4|20|
|..|..|..|17|19|..|
|15|..|14|16|18|..|
| 0| 1|11|..|..|..|

Solution code: 871477417695225720



Found devious match!
6962883614699682914
....###..|
...##.##.|
.#.#...##|
########.|
..##...#.|



Solution in 3x2x1 file:
Num unique solutions found: 1821825
----
Unique solution found:
.#...|
.##..|
##...|
####.|
.#.##|
.#..#|
.#.##|
####.|
..#..|

Shape 1:
|..|20|..|..|..|
|..|19|18|..|..|
| 3|17|..|..|..|
| 2|15| 8| 6|..|
|..| 0|..|11| 1|
|..| 5|..|..|14|
|..| 7|..|12|16|
| 4| 9|10|13|..|
|..|..|21|..|..|

Shape 2:
|..|20|..|..|..|
|..|19|18|..|..|
| 3|17|..|..|..|
| 2|15| 8| 6|..|
|..| 0|..|11| 1|
|..| 5|..|..|14|
|..| 7|..|12|16|
| 4| 9|10|13|..|
|..|..|21|..|..|

Solution code: 6962883614699682914



Found devious match!
6962883614833638498
....###..|
...##.###|
.#.#...#.|
########.|
..##...#.|



Solution in 3x2x1 file:
Num unique solutions found: 1821826
----
Unique solution found:
.#...|
.##..|
##...|
####.|
.#.##|
.#..#|
.#.##|
####.|
...#.|

Shape 1:
|..|20|..|..|..|
|..|19|18|..|..|
| 3|17|..|..|..|
| 2|15| 8| 6|..|
|..| 0|..|11| 1|
|..| 5|..|..|14|
|..| 7|..|12|16|
| 4| 9|10|13|..|
|..|..|..|21|..|

Shape 2:
|..|20|..|..|..|
|..|19|18|..|..|
| 3|17|..|..|..|
| 2|15| 8| 6|..|
|..| 0|..|11| 1|
|..| 5|..|..|14|
|..| 7|..|12|16|
| 4| 9|10|13|..|
|..|..|..|21|..|

Solution code: 6962883614833638498



Found devious match!
6799621900707704
....#.#|
.######|
######.|
#..###.|
####...|



Solution in 3x2x1 file:
Num unique solutions found: 1925011
----
Unique solution found:
..###|
.##.#|
.##.#|
.####|
####.|
.###.|
##...|

Shape 1:
|..|..|12|11| 1|
|..|18|16|..|14|
|..|19|17|..|15|
|..| 4| 3| 2| 0|
|20| 9| 7| 5|..|
|..|10| 8| 6|..|
|21|13|..|..|..|

Shape 2:
|..|..|12|11| 1|
|..|18|16|..|14|
|..|19|17|..|15|
|..| 4| 3| 2| 0|
|20| 9| 7| 5|..|
|..|10| 8| 6|..|
|21|13|..|..|..|

Solution code: 6799621900707704



Found devious match!
871477348984137592
......#|
......#|
.######|
######.|
#..###.|
####...|



Solution in 3x2x1 file:
Num unique solutions found: 1925022
----
Unique solution found:
...###|
..##.#|
..##.#|
..####|
..###.|
..###.|
###...|

Shape 1:
|..|..|..|12|11| 1|
|..|..|18|16|..|14|
|..|..|19|17|..|15|
|..|..| 4| 3| 2| 0|
|..|..| 9| 7| 5|..|
|..|..|10| 8| 6|..|
|20|21|13|..|..|..|

Shape 2:
|..|..|..|12|11| 1|
|..|..|18|16|..|14|
|..|..|19|17|..|15|
|..|..| 4| 3| 2| 0|
|..|..| 9| 7| 5|..|
|..|..|10| 8| 6|..|
|20|21|13|..|..|..|

Solution code: 871477348984137592



Found devious match!
14296805120164926902384
.....###|
...###.#|
...#...#|
####....|
.#.##...|
##.#....|
.###....|



Solution in 3x2x1 file:
Num unique solutions found: 2012511
----
Unique solution found:
.....###|
...###.#|
...#...#|
####....|
.#.##...|
##.#....|
.###....|

Shape 1:
|..|..|..|..|..| 4|20|21|
|..|..|..|15|17|19|..|18|
|..|..|..|14|..|..|..|16|
| 2| 0| 1|11|..|..|..|..|
|..| 5|..| 6| 8|..|..|..|
| 3| 7|..|12|..|..|..|..|
|..| 9|10|13|..|..|..|..|

Shape 2:
|..|..|..|..|..| 4|20|21|
|..|..|..|15|17|19|..|18|
|..|..|..|14|..|..|..|16|
| 2| 0| 1|11|..|..|..|..|
|..| 5|..| 6| 8|..|..|..|
| 3| 7|..|12|..|..|..|..|
|..| 9|10|13|..|..|..|..|

Solution code: 14296805120164926902384



Num devious matches: 36
Num in file1 hashset: 46792
