|..|..|..|41|12|13|14|..|
|..|..|..|44|15|16|17|..|
|..|..|..|..|51|48|45|24|
|..|37|40|43|52|..|..|..|
|..|36|39|42|53|..|..|..|
| 2|29|32|35|..|..|..|..|
|..|28|31|34|50|..|..|..|
| 8|27|30|33|..|..|..|..|
|..|20|23|26|47|..|..|..|
|..|..|22|25|46|49|..|..|
|..|..|21|..|..|..|..|..|

Found intersection:
Number of different intersections found: 815
.....#..|
....####|
...####.|
....####|
...####.|
...####.|
....####|
.####...|
.####...|
####....|
.####...|
####....|
.####...|
..####..|
..#.....|


Solution 1:
| 0| 0| 0| 0| 0| 0| 0| 0| 0| 0| 0| 0|
| 0| 0| 0| 0| 0| 0| 0| 0| 0| 0| 0| 0|
| 0| 0| 0| 0| 0| 0| 0|33| 0| 0| 0| 0|
| 0| 0| 0| 0| 0| 0|33|33|33|33| 0| 0|
| 0| 0| 0| 0| 0|33|33|33|33| 0| 0| 0|
| 0| 0| 0| 0| 0| 0|33|33|33|33| 0| 0|
| 0| 0| 0| 0| 0|33|33|33|33| 0| 0| 0|
| 0| 0| 0| 0| 0|33|33|33|33| 0| 0| 0|
| 0| 0| 0| 0| 0| 0|33|33|33|33| 0| 0|
| 0| 0| 0|33|33|33|33| 0| 0| 0| 0| 0|
| 0| 0| 0|33|33|33|33| 0| 0| 0| 0| 0|
| 0| 0|33|33|33|33| 0| 0| 0| 0| 0| 0|
| 0| 0| 0|33|33|33|33| 0| 0| 0| 0| 0|
| 0| 0|33|33|33|33| 0| 0| 0| 0| 0| 0|
| 0| 0| 0|33|33|33|33| 0| 0| 0| 0| 0|
| 0| 0| 0| 0|33|33|33|33| 0| 0| 0| 0|
| 0| 0| 0| 0|33| 0| 0| 0| 0| 0| 0| 0|
| 0| 0| 0| 0| 0| 0| 0| 0| 0| 0| 0| 0|
| 0| 0| 0| 0| 0| 0| 0| 0| 0| 0| 0| 0|


Solution 2:
|..|..|..|..|..|14|..|..|
|..|..|..|..|10|13|16|48|
|..|..|..| 0| 9|12|15|..|
|..|..|..|..|38|41|44|51|
|..|..|..| 1|37|40|43|..|
|..|..|..| 2|36|39|42|..|
|..|..|..|..|29|32|35|53|
|..| 3| 4| 5|28|..|..|..|
|..| 6| 7| 8|27|..|..|..|
|11|18|19|20|..|..|..|..|
|..|21|22|23|30|..|..|..|
|17|24|25|26|..|..|..|..|
|..|45|46|47|33|..|..|..|
|..|..|49|50|34|31|..|..|
|..|..|52|..|..|..|..|..|

Number uniq of solutions found through the shape checker: 815
Num uniq solutions written in output file: 8

File output13x1x1and3x3x3index76to79incl.txt
Number uniq of solutions found through the shape checker: 815
Num uniq solutions written in output file: 0

File output13x1x1and3x3x3index80to83incl.txt
Found intersection:
Number of different intersections found: 816
......#.|
....####|
...####.|
.#.##.#.|
####....|
..####..|
.####...|
.####...|
..####..|
.####...|
.####...|
.####...|
..####..|
.###....|
..#.....|
..#.....|


Solution 1:
| 0| 0| 0| 0| 0| 0| 0| 0| 0| 0| 0| 0|
| 0| 0| 0| 0| 0| 0| 0| 0| 0| 0| 0| 0|
| 0| 0| 0| 0| 0| 0| 0| 0|33| 0| 0| 0|
| 0| 0| 0| 0| 0| 0|33|33|33|33| 0| 0|
| 0| 0| 0| 0| 0|33|33|33|33| 0| 0| 0|
| 0| 0| 0|33| 0|33|33| 0|33| 0| 0| 0|
| 0| 0|33|33|33|33| 0| 0| 0| 0| 0| 0|
| 0| 0| 0| 0|33|33|33|33| 0| 0| 0| 0|
| 0| 0| 0|33|33|33|33| 0| 0| 0| 0| 0|
| 0| 0| 0|33|33|33|33| 0| 0| 0| 0| 0|
| 0| 0| 0| 0|33|33|33|33| 0| 0| 0| 0|
| 0| 0| 0|33|33|33|33| 0| 0| 0| 0| 0|
| 0| 0| 0|33|33|33|33| 0| 0| 0| 0| 0|
| 0| 0| 0|33|33|33|33| 0| 0| 0| 0| 0|
| 0| 0| 0| 0|33|33|33|33| 0| 0| 0| 0|
| 0| 0| 0|33|33|33| 0| 0| 0| 0| 0| 0|
| 0| 0| 0| 0|33| 0| 0| 0| 0| 0| 0| 0|
| 0| 0| 0| 0|33| 0| 0| 0| 0| 0| 0| 0|
| 0| 0| 0| 0| 0| 0| 0| 0| 0| 0| 0| 0|
| 0| 0| 0| 0| 0| 0| 0| 0| 0| 0| 0| 0|


Solution 2:
|..|..|..|..|..|..|14|..|
|..|..|..|..| 3|10|13|16|
|..|..|..| 1| 0| 9|12|..|
|..|29|..|37|38|..|41|..|
|31|32|39|40|..|..|..|..|
|..|..|42|43|44|15|..|..|
|..|35|53|52|51|..|..|..|
|..|34|50|49|48|..|..|..|
|..|..|47|46|45|17|..|..|
|..|33|26|25|24|..|..|..|
|..|30|23|22|21|..|..|..|
|..|27|20|19|18|..|..|..|
|..|..| 8| 7| 6|11|..|..|
|..|28| 5| 4|..|..|..|..|
|..|..| 2|..|..|..|..|..|
|..|..|36|..|..|..|..|..|

Found intersection:
Number of different intersections found: 817
......#.|
....####|
...####.|
.#.##.#.|
####....|
.####...|
..####..|
.####...|
..####..|
.####...|
.####...|
.####...|
..####..|
.###....|
..#.....|
..#.....|


Solution 1:
| 0| 0| 0| 0| 0| 0| 0| 0| 0| 0| 0| 0|
| 0| 0| 0| 0| 0| 0| 0| 0| 0| 0| 0| 0|
| 0| 0| 0| 0| 0| 0| 0| 0|33| 0| 0| 0|
| 0| 0| 0| 0| 0| 0|33|33|33|33| 0| 0|
| 0| 0| 0| 0| 0|33|33|33|33| 0| 0| 0|
| 0| 0| 0|33| 0|33|33| 0|33| 0| 0| 0|
| 0| 0|33|33|33|33| 0| 0| 0| 0| 0| 0|
| 0| 0| 0|33|33|33|33| 0| 0| 0| 0| 0|
| 0| 0| 0| 0|33|33|33|33| 0| 0| 0| 0|
| 0| 0| 0|33|33|33|33| 0| 0| 0| 0| 0|
| 0| 0| 0| 0|33|33|33|33| 0| 0| 0| 0|
| 0| 0| 0|33|33|33|33| 0| 0| 0| 0| 0|
| 0| 0| 0|33|33|33|33| 0| 0| 0| 0| 0|
| 0| 0| 0|33|33|33|33| 0| 0| 0| 0| 0|
| 0| 0| 0| 0|33|33|33|33| 0| 0| 0| 0|
| 0| 0| 0|33|33|33| 0| 0| 0| 0| 0| 0|
| 0| 0| 0| 0|33| 0| 0| 0| 0| 0| 0| 0|
| 0| 0| 0| 0|33| 0| 0| 0| 0| 0| 0| 0|
| 0| 0| 0| 0| 0| 0| 0| 0| 0| 0| 0| 0|
| 0| 0| 0| 0| 0| 0| 0| 0| 0| 0| 0| 0|


Solution 2:
|..|..|..|..|..|..|14|..|
|..|..|..|..| 3|10|13|16|
|..|..|..| 1| 0| 9|12|..|
|..|29|..|37|38|..|41|..|
|31|32|39|40|..|..|..|..|
|..|35|42|43|44|..|..|..|
|..|..|53|52|51|15|..|..|
|..|34|50|49|48|..|..|..|
|..|..|47|46|45|17|..|..|
|..|33|26|25|24|..|..|..|
|..|30|23|22|21|..|..|..|
|..|27|20|19|18|..|..|..|
|..|..| 8| 7| 6|11|..|..|
|..|28| 5| 4|..|..|..|..|
|..|..| 2|..|..|..|..|..|
|..|..|36|..|..|..|..|..|

Found intersection:
Number of different intersections found: 818
......#.|
....####|
...####.|
.#.##.#.|
####....|
..####..|
.####...|
.####...|
.####...|
..####..|
.####...|
.####...|
..####..|
.###....|
..#.....|
..#.....|


Solution 1:
| 0| 0| 0| 0| 0| 0| 0| 0| 0| 0| 0| 0|
| 0| 0| 0| 0| 0| 0| 0| 0| 0| 0| 0| 0|
| 0| 0| 0| 0| 0| 0| 0| 0|33| 0| 0| 0|
| 0| 0| 0| 0| 0| 0|33|33|33|33| 0| 0|
| 0| 0| 0| 0| 0|33|33|33|33| 0| 0| 0|
| 0| 0| 0|33| 0|33|33| 0|33| 0| 0| 0|
| 0| 0|33|33|33|33| 0| 0| 0| 0| 0| 0|
| 0| 0| 0| 0|33|33|33|33| 0| 0| 0| 0|
| 0| 0| 0|33|33|33|33| 0| 0| 0| 0| 0|
| 0| 0| 0|33|33|33|33| 0| 0| 0| 0| 0|
| 0| 0| 0|33|33|33|33| 0| 0| 0| 0| 0|
| 0| 0| 0| 0|33|33|33|33| 0| 0| 0| 0|
| 0| 0| 0|33|33|33|33| 0| 0| 0| 0| 0|
| 0| 0| 0|33|33|33|33| 0| 0| 0| 0| 0|
| 0| 0| 0| 0|33|33|33|33| 0| 0| 0| 0|
| 0| 0| 0|33|33|33| 0| 0| 0| 0| 0| 0|
| 0| 0| 0| 0|33| 0| 0| 0| 0| 0| 0| 0|
| 0| 0| 0| 0|33| 0| 0| 0| 0| 0| 0| 0|
| 0| 0| 0| 0| 0| 0| 0| 0| 0| 0| 0| 0|
| 0| 0| 0| 0| 0| 0| 0| 0| 0| 0| 0| 0|


Solution 2:
|..|..|..|..|..|..|14|..|
|..|..|..|..| 3|10|13|16|
|..|..|..| 1| 0| 9|12|..|
|..|29|..|37|38|..|41|..|
|31|32|39|40|..|..|..|..|
|..|..|42|43|44|15|..|..|
|..|35|53|52|51|..|..|..|
|..|34|50|49|48|..|..|..|
|..|33|47|46|45|..|..|..|
|..|..|26|25|24|17|..|..|
|..|30|23|22|21|..|..|..|
|..|27|20|19|18|..|..|..|
|..|..| 8| 7| 6|11|..|..|
|..|28| 5| 4|..|..|..|..|
|..|..| 2|..|..|..|..|..|
|..|..|36|..|..|..|..|..|

Found intersection:
Number of different intersections found: 819
......#.|
....####|
...####.|
.#.##.#.|
####....|
.####...|
..####..|
.####...|
.####...|
..####..|
.####...|
.####...|
..####..|
.###....|
..#.....|
..#.....|


Solution 1:
| 0| 0| 0| 0| 0| 0| 0| 0| 0| 0| 0| 0|
| 0| 0| 0| 0| 0| 0| 0| 0| 0| 0| 0| 0|
| 0| 0| 0| 0| 0| 0| 0| 0|33| 0| 0| 0|
| 0| 0| 0| 0| 0| 0|33|33|33|33| 0| 0|
| 0| 0| 0| 0| 0|33|33|33|33| 0| 0| 0|
| 0| 0| 0|33| 0|33|33| 0|33| 0| 0| 0|
| 0| 0|33|33|33|33| 0| 0| 0| 0| 0| 0|
| 0| 0| 0|33|33|33|33| 0| 0| 0| 0| 0|
| 0| 0| 0| 0|33|33|33|33| 0| 0| 0| 0|
| 0| 0| 0|33|33|33|33| 0| 0| 0| 0| 0|
| 0| 0| 0|33|33|33|33| 0| 0| 0| 0| 0|
| 0| 0| 0| 0|33|33|33|33| 0| 0| 0| 0|
| 0| 0| 0|33|33|33|33| 0| 0| 0| 0| 0|
| 0| 0| 0|33|33|33|33| 0| 0| 0| 0| 0|
| 0| 0| 0| 0|33|33|33|33| 0| 0| 0| 0|
| 0| 0| 0|33|33|33| 0| 0| 0| 0| 0| 0|
| 0| 0| 0| 0|33| 0| 0| 0| 0| 0| 0| 0|
| 0| 0| 0| 0|33| 0| 0| 0| 0| 0| 0| 0|
| 0| 0| 0| 0| 0| 0| 0| 0| 0| 0| 0| 0|
| 0| 0| 0| 0| 0| 0| 0| 0| 0| 0| 0| 0|


Solution 2:
|..|..|..|..|..|..|14|..|
|..|..|..|..| 3|10|13|16|
|..|..|..| 1| 0| 9|12|..|
|..|29|..|37|38|..|41|..|
|31|32|39|40|..|..|..|..|
|..|35|42|43|44|..|..|..|
|..|..|53|52|51|15|..|..|
|..|34|50|49|48|..|..|..|
|..|33|47|46|45|..|..|..|
|..|..|26|25|24|17|..|..|
|..|30|23|22|21|..|..|..|
|..|27|20|19|18|..|..|..|
|..|..| 8| 7| 6|11|..|..|
|..|28| 5| 4|..|..|..|..|
|..|..| 2|..|..|..|..|..|
|..|..|36|..|..|..|..|..|

Found intersection:
Number of different intersections found: 820
.........#..|
.......####.|
......####..|
.......####.|
........####|
.....#.##.#.|
.....####...|
....####....|
..####......|
####........|
####........|
####........|
.####.......|
###.........|
.#..........|
.#..........|


Solution 1:
| 0| 0| 0| 0| 0| 0| 0| 0| 0| 0| 0| 0| 0| 0| 0| 0|
| 0| 0| 0| 0| 0| 0| 0| 0| 0| 0| 0| 0| 0| 0| 0| 0|
| 0| 0| 0| 0| 0| 0| 0| 0| 0| 0| 0|33| 0| 0| 0| 0|
| 0| 0| 0| 0| 0| 0| 0| 0| 0|33|33|33|33| 0| 0| 0|
| 0| 0| 0| 0| 0| 0| 0| 0|33|33|33|33| 0| 0| 0| 0|
| 0| 0| 0| 0| 0| 0| 0| 0| 0|33|33|33|33| 0| 0| 0|
| 0| 0| 0| 0| 0| 0| 0| 0| 0| 0|33|33|33|33| 0| 0|
| 0| 0| 0| 0| 0| 0| 0|33| 0|33|33| 0|33| 0| 0| 0|
| 0| 0| 0| 0| 0| 0| 0|33|33|33|33| 0| 0| 0| 0| 0|
| 0| 0| 0| 0| 0| 0|33|33|33|33| 0| 0| 0| 0| 0| 0|
| 0| 0| 0| 0|33|33|33|33| 0| 0| 0| 0| 0| 0| 0| 0|
| 0| 0|33|33|33|33| 0| 0| 0| 0| 0| 0| 0| 0| 0| 0|
| 0| 0|33|33|33|33| 0| 0| 0| 0| 0| 0| 0| 0| 0| 0|
| 0| 0|33|33|33|33| 0| 0| 0| 0| 0| 0| 0| 0| 0| 0|
| 0| 0| 0|33|33|33|33| 0| 0| 0| 0| 0| 0| 0| 0| 0|
| 0| 0|33|33|33| 0| 0| 0| 0| 0| 0| 0| 0| 0| 0| 0|
| 0| 0| 0|33| 0| 0| 0| 0| 0| 0| 0| 0| 0| 0| 0| 0|
| 0| 0| 0|33| 0| 0| 0| 0| 0| 0| 0| 0| 0| 0| 0| 0|
| 0| 0| 0| 0| 0| 0| 0| 0| 0| 0| 0| 0| 0| 0| 0| 0|
| 0| 0| 0| 0| 0| 0| 0| 0| 0| 0| 0| 0| 0| 0| 0| 0|


Solution 2:
|..|..|..|..|..|..|..|..|..| 0|..|..|
|..|..|..|..|..|..|..| 7| 4| 1|37|..|
|..|..|..|..|..|..|20| 8| 5| 2|..|..|
|..|..|..|..|..|..|..|27|28|29|36|..|
|..|..|..|..|..|..|..|..|31|32|39|40|
|..|..|..|..|..|30|..|33|34|..|42|..|
|..|..|..|..|..|23|26|47|50|..|..|..|
|..|..|..|..|19|22|25|46|..|..|..|..|
|..|..| 3| 6|18|21|..|..|..|..|..|..|
|38| 9|10|11|..|..|..|..|..|..|..|..|
|41|12|13|14|..|..|..|..|..|..|..|..|
|44|15|16|17|..|..|..|..|..|..|..|..|
|..|51|48|45|24|..|..|..|..|..|..|..|
|43|52|49|..|..|..|..|..|..|..|..|..|
|..|53|..|..|..|..|..|..|..|..|..|..|
|..|35|..|..|..|..|..|..|..|..|..|..|

Found intersection:
Number of different intersections found: 821
.........#..|
.......####.|
.......####.|
......####..|
........####|
.....#.##.#.|
.....####...|
....####....|
..####......|
####........|
####........|
####........|
.####.......|
###.........|
.#..........|
.#..........|


Solution 1:
| 0| 0| 0| 0| 0| 0| 0| 0| 0| 0| 0| 0| 0| 0| 0| 0|
| 0| 0| 0| 0| 0| 0| 0| 0| 0| 0| 0| 0| 0| 0| 0| 0|
| 0| 0| 0| 0| 0| 0| 0| 0| 0| 0| 0|33| 0| 0| 0| 0|
| 0| 0| 0| 0| 0| 0| 0| 0| 0|33|33|33|33| 0| 0| 0|
| 0| 0| 0| 0| 0| 0| 0| 0| 0|33|33|33|33| 0| 0| 0|
| 0| 0| 0| 0| 0| 0| 0| 0|33|33|33|33| 0| 0| 0| 0|
| 0| 0| 0| 0| 0| 0| 0| 0| 0| 0|33|33|33|33| 0| 0|
| 0| 0| 0| 0| 0| 0| 0|33| 0|33|33| 0|33| 0| 0| 0|
| 0| 0| 0| 0| 0| 0| 0|33|33|33|33| 0| 0| 0| 0| 0|
| 0| 0| 0| 0| 0| 0|33|33|33|33| 0| 0| 0| 0| 0| 0|
| 0| 0| 0| 0|33|33|33|33| 0| 0| 0| 0| 0| 0| 0| 0|
| 0| 0|33|33|33|33| 0| 0| 0| 0| 0| 0| 0| 0| 0| 0|
| 0| 0|33|33|33|33| 0| 0| 0| 0| 0| 0| 0| 0| 0| 0|
| 0| 0|33|33|33|33| 0| 0| 0| 0| 0| 0| 0| 0| 0| 0|
| 0| 0| 0|33|33|33|33| 0| 0| 0| 0| 0| 0| 0| 0| 0|
| 0| 0|33|33|33| 0| 0| 0| 0| 0| 0| 0| 0| 0| 0| 0|
| 0| 0| 0|33| 0| 0| 0| 0| 0| 0| 0| 0| 0| 0| 0| 0|
| 0| 0| 0|33| 0| 0| 0| 0| 0| 0| 0| 0| 0| 0| 0| 0|
| 0| 0| 0| 0| 0| 0| 0| 0| 0| 0| 0| 0| 0| 0| 0| 0|
| 0| 0| 0| 0| 0| 0| 0| 0| 0| 0| 0| 0| 0| 0| 0| 0|


Solution 2:
|..|..|..|..|..|..|..|..|..| 0|..|..|
|..|..|..|..|..|..|..| 7| 4| 1|37|..|
|..|..|..|..|..|..|..| 8| 5| 2|36|..|
|..|..|..|..|..|..|20|27|28|29|..|..|
|..|..|..|..|..|..|..|..|31|32|39|40|
|..|..|..|..|..|30|..|33|34|..|42|..|
|..|..|..|..|..|23|26|47|50|..|..|..|
|..|..|..|..|19|22|25|46|..|..|..|..|
|..|..| 3| 6|18|21|..|..|..|..|..|..|
|38| 9|10|11|..|..|..|..|..|..|..|..|
|41|12|13|14|..|..|..|..|..|..|..|..|
|44|15|16|17|..|..|..|..|..|..|..|..|
|..|51|48|45|24|..|..|..|..|..|..|..|
|43|52|49|..|..|..|..|..|..|..|..|..|
|..|53|..|..|..|..|..|..|..|..|..|..|
|..|35|..|..|..|..|..|..|..|..|..|..|

Found intersection:
Number of different intersections found: 822
.....#..|
...####.|
....####|
...####.|
..####..|
..####..|
....####|
....####|
.####...|
####....|
.####...|
.####...|
####....|
.##.....|
..#.....|
..##....|


Solution 1:
| 0| 0| 0| 0| 0| 0| 0| 0| 0| 0| 0| 0|
| 0| 0| 0| 0| 0| 0| 0| 0| 0| 0| 0| 0|
| 0| 0| 0| 0| 0| 0| 0|33| 0| 0| 0| 0|
| 0| 0| 0| 0| 0|33|33|33|33| 0| 0| 0|
| 0| 0| 0| 0| 0| 0|33|33|33|33| 0| 0|
| 0| 0| 0| 0| 0|33|33|33|33| 0| 0| 0|
| 0| 0| 0| 0|33|33|33|33| 0| 0| 0| 0|
| 0| 0| 0| 0|33|33|33|33| 0| 0| 0| 0|
| 0| 0| 0| 0| 0| 0|33|33|33|33| 0| 0|
| 0| 0| 0| 0| 0| 0|33|33|33|33| 0| 0|
| 0| 0| 0|33|33|33|33| 0| 0| 0| 0| 0|
| 0| 0|33|33|33|33| 0| 0| 0| 0| 0| 0|
| 0| 0| 0|33|33|33|33| 0| 0| 0| 0| 0|
| 0| 0| 0|33|33|33|33| 0| 0| 0| 0| 0|
| 0| 0|33|33|33|33| 0| 0| 0| 0| 0| 0|
| 0| 0| 0|33|33| 0| 0| 0| 0| 0| 0| 0|
| 0| 0| 0| 0|33| 0| 0| 0| 0| 0| 0| 0|
| 0| 0| 0| 0|33|33| 0| 0| 0| 0| 0| 0|
| 0| 0| 0| 0| 0| 0| 0| 0| 0| 0| 0| 0|
| 0| 0| 0| 0| 0| 0| 0| 0| 0| 0| 0| 0|


Solution 2:
|..|..|..|..|..| 5|..|..|
|..|..|..|37| 1| 4| 7|..|
|..|..|..|..| 0| 3| 6|18|
|..|..|..|38| 9|10|11|..|
|..|..|40|41|12|13|..|..|
|..|..|43|44|15|16|..|..|
|..|..|..|..|51|48|45|24|
|..|..|..|..|52|49|46|25|
|..|36|39|42|53|..|..|..|
| 2|29|32|35|..|..|..|..|
|..|28|31|34|50|..|..|..|
|..|27|30|33|47|..|..|..|
| 8|20|23|26|..|..|..|..|
|..|19|22|..|..|..|..|..|
|..|..|21|..|..|..|..|..|
|..|..|14|17|..|..|..|..|

Found intersection:
Number of different intersections found: 823
...#....|
..###...|
.##.....|
..#.##..|
..####..|
..####..|
..####..|
....####|
....####|
.####...|
####....|
.####...|
.####...|
####....|
.##.....|
..#.....|
..##....|


Solution 1:
| 0| 0| 0| 0| 0| 0| 0| 0| 0| 0| 0| 0|
| 0| 0| 0| 0| 0| 0| 0| 0| 0| 0| 0| 0|
| 0| 0| 0| 0| 0|33| 0| 0| 0| 0| 0| 0|
| 0| 0| 0| 0|33|33|33| 0| 0| 0| 0| 0|
| 0| 0| 0|33|33| 0| 0| 0| 0| 0| 0| 0|
| 0| 0| 0| 0|33| 0|33|33| 0| 0| 0| 0|
| 0| 0| 0| 0|33|33|33|33| 0| 0| 0| 0|
| 0| 0| 0| 0|33|33|33|33| 0| 0| 0| 0|
| 0| 0| 0| 0|33|33|33|33| 0| 0| 0| 0|
| 0| 0| 0| 0| 0| 0|33|33|33|33| 0| 0|
| 0| 0| 0| 0| 0| 0|33|33|33|33| 0| 0|
| 0| 0| 0|33|33|33|33| 0| 0| 0| 0| 0|
| 0| 0|33|33|33|33| 0| 0| 0| 0| 0| 0|
| 0| 0| 0|33|33|33|33| 0| 0| 0| 0| 0|
| 0| 0| 0|33|33|33|33| 0| 0| 0| 0| 0|
| 0| 0|33|33|33|33| 0| 0| 0| 0| 0| 0|
| 0| 0| 0|33|33| 0| 0| 0| 0| 0| 0| 0|
| 0| 0| 0| 0|33| 0| 0| 0| 0| 0| 0| 0|
| 0| 0| 0| 0|33|33| 0| 0| 0| 0| 0| 0|
| 0| 0| 0| 0| 0| 0| 0| 0| 0| 0| 0| 0|
| 0| 0| 0| 0| 0| 0| 0| 0| 0| 0| 0| 0|


Solution 2:
|..|..|..| 0|..|..|..|..|
|..|..|37|38| 9|..|..|..|
|..|39|40|..|..|..|..|..|
|..|..|43|..|44|41|..|..|
|..|..|52|51|15|12|..|..|
|..|..|49|48|16|13|..|..|
|..|..|46|45|17|14|..|..|
|..|..|..|..|24|21|18| 6|
|..|..|..|..|25|22|19| 7|
|..|53|50|47|26|..|..|..|
|42|35|34|33|..|..|..|..|
|..|32|31|30|23|..|..|..|
|..|29|28|27|20|..|..|..|
|36| 2| 5| 8|..|..|..|..|
|..| 1| 4|..|..|..|..|..|
|..|..| 3|..|..|..|..|..|
|..|..|10|11|..|..|..|..|

Found intersection:
Number of different intersections found: 824
.....#..|
...####.|
...####.|
....####|
..####..|
..####..|
....####|
....####|
.####...|
####....|
.####...|
.####...|
####....|
.##.....|
..#.....|
..##....|


Solution 1:
| 0| 0| 0| 0| 0| 0| 0| 0| 0| 0| 0| 0|
| 0| 0| 0| 0| 0| 0| 0| 0| 0| 0| 0| 0|
| 0| 0| 0| 0| 0| 0| 0|33| 0| 0| 0| 0|
| 0| 0| 0| 0| 0|33|33|33|33| 0| 0| 0|
| 0| 0| 0| 0| 0|33|33|33|33| 0| 0| 0|
| 0| 0| 0| 0| 0| 0|33|33|33|33| 0| 0|
| 0| 0| 0| 0|33|33|33|33| 0| 0| 0| 0|
| 0| 0| 0| 0|33|33|33|33| 0| 0| 0| 0|
| 0| 0| 0| 0| 0| 0|33|33|33|33| 0| 0|
| 0| 0| 0| 0| 0| 0|33|33|33|33| 0| 0|
| 0| 0| 0|33|33|33|33| 0| 0| 0| 0| 0|
| 0| 0|33|33|33|33| 0| 0| 0| 0| 0| 0|
| 0| 0| 0|33|33|33|33| 0| 0| 0| 0| 0|
| 0| 0| 0|33|33|33|33| 0| 0| 0| 0| 0|
| 0| 0|33|33|33|33| 0| 0| 0| 0| 0| 0|
| 0| 0| 0|33|33| 0| 0| 0| 0| 0| 0| 0|
| 0| 0| 0| 0|33| 0| 0| 0| 0| 0| 0| 0|
| 0| 0| 0| 0|33|33| 0| 0| 0| 0| 0| 0|
| 0| 0| 0| 0| 0| 0| 0| 0| 0| 0| 0| 0|
| 0| 0| 0| 0| 0| 0| 0| 0| 0| 0| 0| 0|


Solution 2:
|..|..|..|..|..|14|..|..|
|..|..|..| 3|10|13|16|..|
|..|..|..| 0| 9|12|15|..|
|..|..|..|..|38|41|44|51|
|..|..| 4| 1|37|40|..|..|
|..|..| 5| 2|36|39|..|..|
|..|..|..|..|29|32|35|53|
|..|..|..|..|28|31|34|50|
|..| 6| 7| 8|27|..|..|..|
|11|18|19|20|..|..|..|..|
|..|21|22|23|30|..|..|..|
|..|24|25|26|33|..|..|..|
|17|45|46|47|..|..|..|..|
|..|48|49|..|..|..|..|..|
|..|..|52|..|..|..|..|..|
|..|..|43|42|..|..|..|..|

Found intersection:
Number of different intersections found: 825
...##...|
..##....|
.##.....|
..##.#..|
..####..|
..####..|
..####..|
....####|
....####|
.####...|
####....|
.####...|
.####...|
####....|
.##.....|
..#.....|
..##....|


Solution 1:
| 0| 0| 0| 0| 0| 0| 0| 0| 0| 0| 0| 0|
| 0| 0| 0| 0| 0| 0| 0| 0| 0| 0| 0| 0|
| 0| 0| 0| 0| 0|33|33| 0| 0| 0| 0| 0|
| 0| 0| 0| 0|33|33| 0| 0| 0| 0| 0| 0|
| 0| 0| 0|33|33| 0| 0| 0| 0| 0| 0| 0|
| 0| 0| 0| 0|33|33| 0|33| 0| 0| 0| 0|
| 0| 0| 0| 0|33|33|33|33| 0| 0| 0| 0|
| 0| 0| 0| 0|33|33|33|33| 0| 0| 0| 0|
| 0| 0| 0| 0|33|33|33|33| 0| 0| 0| 0|
| 0| 0| 0| 0| 0| 0|33|33|33|33| 0| 0|
| 0| 0| 0| 0| 0| 0|33|33|33|33| 0| 0|
| 0| 0| 0|33|33|33|33| 0| 0| 0| 0| 0|
| 0| 0|33|33|33|33| 0| 0| 0| 0| 0| 0|
| 0| 0| 0|33|33|33|33| 0| 0| 0| 0| 0|
| 0| 0| 0|33|33|33|33| 0| 0| 0| 0| 0|
| 0| 0|33|33|33|33| 0| 0| 0| 0| 0| 0|
| 0| 0| 0|33|33| 0| 0| 0| 0| 0| 0| 0|
| 0| 0| 0| 0|33| 0| 0| 0| 0| 0| 0| 0|
| 0| 0| 0| 0|33|33| 0| 0| 0| 0| 0| 0|
| 0| 0| 0| 0| 0| 0| 0| 0| 0| 0| 0| 0|
| 0| 0| 0| 0| 0| 0| 0| 0| 0| 0| 0| 0|


Solution 2:
|..|..|..| 0| 9|..|..|..|
|..|..|37|38|..|..|..|..|
|..|39|40|..|..|..|..|..|
|..|..|43|44|..|41|..|..|
|..|..|52|51|15|12|..|..|
|..|..|49|48|16|13|..|..|
|..|..|46|45|17|14|..|..|
|..|..|..|..|24|21|18| 6|
|..|..|..|..|25|22|19| 7|
|..|53|50|47|26|..|..|..|
|42|35|34|33|..|..|..|..|
|..|32|31|30|23|..|..|..|
|..|29|28|27|20|..|..|..|
|36| 2| 5| 8|..|..|..|..|
|..| 1| 4|..|..|..|..|..|
|..|..| 3|..|..|..|..|..|
|..|..|10|11|..|..|..|..|

Found intersection:
Number of different intersections found: 826
...#....|
...####.|
....####|
...####.|
..####..|
..####..|
....####|
....####|
..####..|
####....|
####....|
.####...|
####....|
.##.....|
..#.....|
..##....|


Solution 1:
| 0| 0| 0| 0| 0| 0| 0| 0| 0| 0| 0| 0|
| 0| 0| 0| 0| 0| 0| 0| 0| 0| 0| 0| 0|
| 0| 0| 0| 0| 0|33| 0| 0| 0| 0| 0| 0|
| 0| 0| 0| 0| 0|33|33|33|33| 0| 0| 0|
| 0| 0| 0| 0| 0| 0|33|33|33|33| 0| 0|
| 0| 0| 0| 0| 0|33|33|33|33| 0| 0| 0|
| 0| 0| 0| 0|33|33|33|33| 0| 0| 0| 0|
| 0| 0| 0| 0|33|33|33|33| 0| 0| 0| 0|
| 0| 0| 0| 0| 0| 0|33|33|33|33| 0| 0|
| 0| 0| 0| 0| 0| 0|33|33|33|33| 0| 0|
| 0| 0| 0| 0|33|33|33|33| 0| 0| 0| 0|
| 0| 0|33|33|33|33| 0| 0| 0| 0| 0| 0|
| 0| 0|33|33|33|33| 0| 0| 0| 0| 0| 0|
| 0| 0| 0|33|33|33|33| 0| 0| 0| 0| 0|
| 0| 0|33|33|33|33| 0| 0| 0| 0| 0| 0|
| 0| 0| 0|33|33| 0| 0| 0| 0| 0| 0| 0|
| 0| 0| 0| 0|33| 0| 0| 0| 0| 0| 0| 0|
| 0| 0| 0| 0|33|33| 0| 0| 0| 0| 0| 0|
| 0| 0| 0| 0| 0| 0| 0| 0| 0| 0| 0| 0|
| 0| 0| 0| 0| 0| 0| 0| 0| 0| 0| 0| 0|


Solution 2:
|..|..|..| 0|..|..|..|..|
|..|..|..| 1|37|40|43|..|
|..|..|..|..|36|39|42|53|
|..|..|..| 2|29|32|35|..|
|..|..| 4| 5|28|31|..|..|
|..|..| 7| 8|27|30|..|..|
|..|..|..|..|20|23|26|47|
|..|..|..|..|19|22|25|46|
|..|..| 3| 6|18|21|..|..|
|38| 9|10|11|..|..|..|..|
|41|12|13|14|..|..|..|..|
|..|15|16|17|24|..|..|..|
|44|51|48|45|..|..|..|..|
|..|52|49|..|..|..|..|..|
|..|..|50|..|..|..|..|..|
|..|..|34|33|..|..|..|..|

Found intersection:
Number of different intersections found: 827
...#....|
...####.|
...####.|
....####|
..####..|
..####..|
....####|
....####|
..####..|
####....|
####....|
.####...|
####....|
.##.....|
..#.....|
..##....|


Solution 1:
| 0| 0| 0| 0| 0| 0| 0| 0| 0| 0| 0| 0|
| 0| 0| 0| 0| 0| 0| 0| 0| 0| 0| 0| 0|
| 0| 0| 0| 0| 0|33| 0| 0| 0| 0| 0| 0|
| 0| 0| 0| 0| 0|33|33|33|33| 0| 0| 0|
| 0| 0| 0| 0| 0|33|33|33|33| 0| 0| 0|
| 0| 0| 0| 0| 0| 0|33|33|33|33| 0| 0|
| 0| 0| 0| 0|33|33|33|33| 0| 0| 0| 0|
| 0| 0| 0| 0|33|33|33|33| 0| 0| 0| 0|
| 0| 0| 0| 0| 0| 0|33|33|33|33| 0| 0|
| 0| 0| 0| 0| 0| 0|33|33|33|33| 0| 0|
| 0| 0| 0| 0|33|33|33|33| 0| 0| 0| 0|
| 0| 0|33|33|33|33| 0| 0| 0| 0| 0| 0|
| 0| 0|33|33|33|33| 0| 0| 0| 0| 0| 0|
| 0| 0| 0|33|33|33|33| 0| 0| 0| 0| 0|
| 0| 0|33|33|33|33| 0| 0| 0| 0| 0| 0|
| 0| 0| 0|33|33| 0| 0| 0| 0| 0| 0| 0|
| 0| 0| 0| 0|33| 0| 0| 0| 0| 0| 0| 0|
| 0| 0| 0| 0|33|33| 0| 0| 0| 0| 0| 0|
| 0| 0| 0| 0| 0| 0| 0| 0| 0| 0| 0| 0|
| 0| 0| 0| 0| 0| 0| 0| 0| 0| 0| 0| 0|


Solution 2:
|..|..|..| 0|..|..|..|..|
|..|..|..| 1|37|40|43|..|
|..|..|..| 2|36|39|42|..|
|..|..|..|..|29|32|35|53|
|..|..| 4| 5|28|31|..|..|
|..|..| 7| 8|27|30|..|..|
|..|..|..|..|20|23|26|47|
|..|..|..|..|19|22|25|46|
|..|..| 3| 6|18|21|..|..|
|38| 9|10|11|..|..|..|..|
|41|12|13|14|..|..|..|..|
|..|15|16|17|24|..|..|..|
|44|51|48|45|..|..|..|..|
|..|52|49|..|..|..|..|..|
|..|..|50|..|..|..|..|..|
|..|..|34|33|..|..|..|..|

Found intersection:
Number of different intersections found: 828
.....#..|
.....#..|
....###.|
....####|
...####.|
..####..|
..####..|
....####|
.#..#.##|
.####...|
####....|
..####..|
.####...|
####....|
.##.....|
..#.....|
..##....|


Solution 1:
| 0| 0| 0| 0| 0| 0| 0| 0| 0| 0| 0| 0|
| 0| 0| 0| 0| 0| 0| 0| 0| 0| 0| 0| 0|
| 0| 0| 0| 0| 0| 0| 0|33| 0| 0| 0| 0|
| 0| 0| 0| 0| 0| 0| 0|33| 0| 0| 0| 0|
| 0| 0| 0| 0| 0| 0|33|33|33| 0| 0| 0|
| 0| 0| 0| 0| 0| 0|33|33|33|33| 0| 0|
| 0| 0| 0| 0| 0|33|33|33|33| 0| 0| 0|
| 0| 0| 0| 0|33|33|33|33| 0| 0| 0| 0|
| 0| 0| 0| 0|33|33|33|33| 0| 0| 0| 0|
| 0| 0| 0| 0| 0| 0|33|33|33|33| 0| 0|
| 0| 0| 0|33| 0| 0|33| 0|33|33| 0| 0|
| 0| 0| 0|33|33|33|33| 0| 0| 0| 0| 0|
| 0| 0|33|33|33|33| 0| 0| 0| 0| 0| 0|
| 0| 0| 0| 0|33|33|33|33| 0| 0| 0| 0|
| 0| 0| 0|33|33|33|33| 0| 0| 0| 0| 0|
| 0| 0|33|33|33|33| 0| 0| 0| 0| 0| 0|
| 0| 0| 0|33|33| 0| 0| 0| 0| 0| 0| 0|
| 0| 0| 0| 0|33| 0| 0| 0| 0| 0| 0| 0|
| 0| 0| 0| 0|33|33| 0| 0| 0| 0| 0| 0|
| 0| 0| 0| 0| 0| 0| 0| 0| 0| 0| 0| 0|
| 0| 0| 0| 0| 0| 0| 0| 0| 0| 0| 0| 0|


Solution 2:
|..|..|..|..|..|28|..|..|
|..|..|..|..|..| 5|..|..|
|..|..|..|..| 1| 4| 7|..|
|..|..|..|..| 0| 3| 6|18|
|..|..|..|38| 9|10|11|..|
|..|..|40|41|12|13|..|..|
|..|..|43|44|15|16|..|..|
|..|..|..|..|51|48|45|24|
|..|37|..|..|52|..|46|25|
|..|36|39|42|53|..|..|..|
| 2|29|32|35|..|..|..|..|
|..|..|31|34|50|49|..|..|
|..|27|30|33|47|..|..|..|
| 8|20|23|26|..|..|..|..|
|..|19|22|..|..|..|..|..|
|..|..|21|..|..|..|..|..|
|..|..|14|17|..|..|..|..|

Found intersection:
Number of different intersections found: 829
....#....|
....#....|
....##.#.|
.....####|
....####.|
...####..|
...####..|
.....####|
.....####|
...####..|
.#.##.#..|
####.....|
..####...|
.####....|
..##.....|
...#.....|
...##....|


Solution 1:
| 0| 0| 0| 0| 0| 0| 0| 0| 0| 0| 0| 0| 0|
| 0| 0| 0| 0| 0| 0| 0| 0| 0| 0| 0| 0| 0|
| 0| 0| 0| 0| 0| 0|33| 0| 0| 0| 0| 0| 0|
| 0| 0| 0| 0| 0| 0|33| 0| 0| 0| 0| 0| 0|
| 0| 0| 0| 0| 0| 0|33|33| 0|33| 0| 0| 0|
| 0| 0| 0| 0| 0| 0| 0|33|33|33|33| 0| 0|
| 0| 0| 0| 0| 0| 0|33|33|33|33| 0| 0| 0|
| 0| 0| 0| 0| 0|33|33|33|33| 0| 0| 0| 0|
| 0| 0| 0| 0| 0|33|33|33|33| 0| 0| 0| 0|
| 0| 0| 0| 0| 0| 0| 0|33|33|33|33| 0| 0|
| 0| 0| 0| 0| 0| 0| 0|33|33|33|33| 0| 0|
| 0| 0| 0| 0| 0|33|33|33|33| 0| 0| 0| 0|
| 0| 0| 0|33| 0|33|33| 0|33| 0| 0| 0| 0|
| 0| 0|33|33|33|33| 0| 0| 0| 0| 0| 0| 0|
| 0| 0| 0| 0|33|33|33|33| 0| 0| 0| 0| 0|
| 0| 0| 0|33|33|33|33| 0| 0| 0| 0| 0| 0|
| 0| 0| 0| 0|33|33| 0| 0| 0| 0| 0| 0| 0|
| 0| 0| 0| 0| 0|33| 0| 0| 0| 0| 0| 0| 0|
| 0| 0| 0| 0| 0|33|33| 0| 0| 0| 0| 0| 0|
| 0| 0| 0| 0| 0| 0| 0| 0| 0| 0| 0| 0| 0|
| 0| 0| 0| 0| 0| 0| 0| 0| 0| 0| 0| 0| 0|


Solution 2:
|..|..|..|..| 0|..|..|..|..|
|..|..|..|..|38|..|..|..|..|
|..|..|..|..|41|12|..|14|..|
|..|..|..|..|..|15|16|17|24|
|..|..|..|..|44|51|48|45|..|
|..|..|..|40|43|52|49|..|..|
|..|..|..|39|42|53|50|..|..|
|..|..|..|..|..|35|34|33|26|
|..|..|..|..|..|32|31|30|23|
|..|..|..|37|36|29|28|..|..|
|..| 9|..| 1| 2|..| 5|..|..|
|13|10| 3| 4|..|..|..|..|..|
|..|..| 6| 7| 8|27|..|..|..|
|..|11|18|19|20|..|..|..|..|
|..|..|21|22|..|..|..|..|..|
|..|..|..|25|..|..|..|..|..|
|..|..|..|46|47|..|..|..|..|

Found intersection:
Number of different intersections found: 830
....#....|
....#....|
....##.#.|
....####.|
.....####|
...####..|
...####..|
.....####|
.....####|
...####..|
.#.##.#..|
####.....|
..####...|
.####....|
..##.....|
...#.....|
...##....|


Solution 1:
| 0| 0| 0| 0| 0| 0| 0| 0| 0| 0| 0| 0| 0|
| 0| 0| 0| 0| 0| 0| 0| 0| 0| 0| 0| 0| 0|
| 0| 0| 0| 0| 0| 0|33| 0| 0| 0| 0| 0| 0|
| 0| 0| 0| 0| 0| 0|33| 0| 0| 0| 0| 0| 0|
| 0| 0| 0| 0| 0| 0|33|33| 0|33| 0| 0| 0|
| 0| 0| 0| 0| 0| 0|33|33|33|33| 0| 0| 0|
| 0| 0| 0| 0| 0| 0| 0|33|33|33|33| 0| 0|
| 0| 0| 0| 0| 0|33|33|33|33| 0| 0| 0| 0|
| 0| 0| 0| 0| 0|33|33|33|33| 0| 0| 0| 0|
| 0| 0| 0| 0| 0| 0| 0|33|33|33|33| 0| 0|
| 0| 0| 0| 0| 0| 0| 0|33|33|33|33| 0| 0|
| 0| 0| 0| 0| 0|33|33|33|33| 0| 0| 0| 0|
| 0| 0| 0|33| 0|33|33| 0|33| 0| 0| 0| 0|
| 0| 0|33|33|33|33| 0| 0| 0| 0| 0| 0| 0|
| 0| 0| 0| 0|33|33|33|33| 0| 0| 0| 0| 0|
| 0| 0| 0|33|33|33|33| 0| 0| 0| 0| 0| 0|
| 0| 0| 0| 0|33|33| 0| 0| 0| 0| 0| 0| 0|
| 0| 0| 0| 0| 0|33| 0| 0| 0| 0| 0| 0| 0|
| 0| 0| 0| 0| 0|33|33| 0| 0| 0| 0| 0| 0|
| 0| 0| 0| 0| 0| 0| 0| 0| 0| 0| 0| 0| 0|
| 0| 0| 0| 0| 0| 0| 0| 0| 0| 0| 0| 0| 0|


Solution 2:
|..|..|..|..| 0|..|..|..|..|
|..|..|..|..|38|..|..|..|..|
|..|..|..|..|41|12|..|14|..|
|..|..|..|..|44|15|16|17|..|
|..|..|..|..|..|51|48|45|24|
|..|..|..|40|43|52|49|..|..|
|..|..|..|39|42|53|50|..|..|
|..|..|..|..|..|35|34|33|26|
|..|..|..|..|..|32|31|30|23|
|..|..|..|37|36|29|28|..|..|
|..| 9|..| 1| 2|..| 5|..|..|
|13|10| 3| 4|..|..|..|..|..|
|..|..| 6| 7| 8|27|..|..|..|
|..|11|18|19|20|..|..|..|..|
|..|..|21|22|..|..|..|..|..|
|..|..|..|25|..|..|..|..|..|
|..|..|..|46|47|..|..|..|..|

Found intersection:
Number of different intersections found: 831
....##...|
....#....|
....#..#.|
....####.|
.....####|
...####..|
...####..|
.....####|
.....####|
...####..|
#..#.##..|
####.....|
..####...|
.####....|
..##.....|
...#.....|
...##....|


Solution 1:
| 0| 0| 0| 0| 0| 0| 0| 0| 0| 0| 0| 0| 0|
| 0| 0| 0| 0| 0| 0| 0| 0| 0| 0| 0| 0| 0|
| 0| 0| 0| 0| 0| 0|33|33| 0| 0| 0| 0| 0|
| 0| 0| 0| 0| 0| 0|33| 0| 0| 0| 0| 0| 0|
| 0| 0| 0| 0| 0| 0|33| 0| 0|33| 0| 0| 0|
| 0| 0| 0| 0| 0| 0|33|33|33|33| 0| 0| 0|
| 0| 0| 0| 0| 0| 0| 0|33|33|33|33| 0| 0|
| 0| 0| 0| 0| 0|33|33|33|33| 0| 0| 0| 0|
| 0| 0| 0| 0| 0|33|33|33|33| 0| 0| 0| 0|
| 0| 0| 0| 0| 0| 0| 0|33|33|33|33| 0| 0|
| 0| 0| 0| 0| 0| 0| 0|33|33|33|33| 0| 0|
| 0| 0| 0| 0| 0|33|33|33|33| 0| 0| 0| 0|
| 0| 0|33| 0| 0|33| 0|33|33| 0| 0| 0| 0|
| 0| 0|33|33|33|33| 0| 0| 0| 0| 0| 0| 0|
| 0| 0| 0| 0|33|33|33|33| 0| 0| 0| 0| 0|
| 0| 0| 0|33|33|33|33| 0| 0| 0| 0| 0| 0|
| 0| 0| 0| 0|33|33| 0| 0| 0| 0| 0| 0| 0|
| 0| 0| 0| 0| 0|33| 0| 0| 0| 0| 0| 0| 0|
| 0| 0| 0| 0| 0|33|33| 0| 0| 0| 0| 0| 0|
| 0| 0| 0| 0| 0| 0| 0| 0| 0| 0| 0| 0| 0|
| 0| 0| 0| 0| 0| 0| 0| 0| 0| 0| 0| 0| 0|


Solution 2:
|..|..|..|..| 0| 9|..|..|..|
|..|..|..|..|38|..|..|..|..|
|..|..|..|..|41|..|..|14|..|
|..|..|..|..|44|15|16|17|..|
|..|..|..|..|..|51|48|45|24|
|..|..|..|40|43|52|49|..|..|
|..|..|..|39|42|53|50|..|..|
|..|..|..|..|..|35|34|33|26|
|..|..|..|..|..|32|31|30|23|
|..|..|..|37|36|29|28|..|..|
|12|..|..| 1|..| 2| 5|..|..|
|13|10| 3| 4|..|..|..|..|..|
|..|..| 6| 7| 8|27|..|..|..|
|..|11|18|19|20|..|..|..|..|
|..|..|21|22|..|..|..|..|..|
|..|..|..|25|..|..|..|..|..|
|..|..|..|46|47|..|..|..|..|

Found intersection:
Number of different intersections found: 832
.....#...|
....##...|
....#..#.|
....####.|
.....####|
...####..|
...####..|
.....####|
.....####|
...####..|
#..#.##..|
####.....|
..####...|
.####....|
..##.....|
...#.....|
...##....|


Solution 1:
| 0| 0| 0| 0| 0| 0| 0| 0| 0| 0| 0| 0| 0|
| 0| 0| 0| 0| 0| 0| 0| 0| 0| 0| 0| 0| 0|
| 0| 0| 0| 0| 0| 0| 0|33| 0| 0| 0| 0| 0|
| 0| 0| 0| 0| 0| 0|33|33| 0| 0| 0| 0| 0|
| 0| 0| 0| 0| 0| 0|33| 0| 0|33| 0| 0| 0|
| 0| 0| 0| 0| 0| 0|33|33|33|33| 0| 0| 0|
| 0| 0| 0| 0| 0| 0| 0|33|33|33|33| 0| 0|
| 0| 0| 0| 0| 0|33|33|33|33| 0| 0| 0| 0|
| 0| 0| 0| 0| 0|33|33|33|33| 0| 0| 0| 0|
| 0| 0| 0| 0| 0| 0| 0|33|33|33|33| 0| 0|
| 0| 0| 0| 0| 0| 0| 0|33|33|33|33| 0| 0|
| 0| 0| 0| 0| 0|33|33|33|33| 0| 0| 0| 0|
| 0| 0|33| 0| 0|33| 0|33|33| 0| 0| 0| 0|
| 0| 0|33|33|33|33| 0| 0| 0| 0| 0| 0| 0|
| 0| 0| 0| 0|33|33|33|33| 0| 0| 0| 0| 0|
| 0| 0| 0|33|33|33|33| 0| 0| 0| 0| 0| 0|
| 0| 0| 0| 0|33|33| 0| 0| 0| 0| 0| 0| 0|
| 0| 0| 0| 0| 0|33| 0| 0| 0| 0| 0| 0| 0|
| 0| 0| 0| 0| 0|33|33| 0| 0| 0| 0| 0| 0|
| 0| 0| 0| 0| 0| 0| 0| 0| 0| 0| 0| 0| 0|
| 0| 0| 0| 0| 0| 0| 0| 0| 0| 0| 0| 0| 0|


Solution 2:
|..|..|..|..|..| 0|..|..|..|
|..|..|..|..|38| 9|..|..|..|
|..|..|..|..|41|..|..|14|..|
|..|..|..|..|44|15|16|17|..|
|..|..|..|..|..|51|48|45|24|
|..|..|..|40|43|52|49|..|..|
|..|..|..|39|42|53|50|..|..|
|..|..|..|..|..|35|34|33|26|
|..|..|..|..|..|32|31|30|23|
|..|..|..|37|36|29|28|..|..|
|12|..|..| 1|..| 2| 5|..|..|
|13|10| 3| 4|..|..|..|..|..|
|..|..| 6| 7| 8|27|..|..|..|
|..|11|18|19|20|..|..|..|..|
|..|..|21|22|..|..|..|..|..|
|..|..|..|25|..|..|..|..|..|
|..|..|..|46|47|..|..|..|..|

Number uniq of solutions found through the shape checker: 832
Num uniq solutions written in output file: 18

File output13x1x1and3x3x3index84to87incl.txt
Number uniq of solutions found through the shape checker: 832
Num uniq solutions written in output file: 0

File output13x1x1Index0-afterchange.txt
Number uniq of solutions found through the shape checker: 832
Num uniq solutions written in output file: 0

File output13x1x1Index10-afterchange.txt
Number uniq of solutions found through the shape checker: 832
Num uniq solutions written in output file: 0

File output13x1x1Index11-afterchange.txt
Number uniq of solutions found through the shape checker: 832
Num uniq solutions written in output file: 0

File output13x1x1Index12-afterchange.txt
Number uniq of solutions found through the shape checker: 832
Num uniq solutions written in output file: 0

File output13x1x1Index13-afterchange.txt
Found intersection:
Number of different intersections found: 833
......#..|
....###..|
.....#...|
.....#...|
...###...|
..##.#..#|
.....####|
....####.|
..####...|
####.....|
####.....|
..####...|
..####...|
...####..|
####.....|
#..#.....|
##.......|
.#.......|


Solution 1:
| 0| 0| 0| 0| 0| 0| 0| 0| 0| 0| 0| 0| 0|
| 0| 0| 0| 0| 0| 0| 0| 0| 0| 0| 0| 0| 0|
| 0| 0| 0| 0| 0| 0| 0| 0|33| 0| 0| 0| 0|
| 0| 0| 0| 0| 0| 0|33|33|33| 0| 0| 0| 0|
| 0| 0| 0| 0| 0| 0| 0|33| 0| 0| 0| 0| 0|
| 0| 0| 0| 0| 0| 0| 0|33| 0| 0| 0| 0| 0|
| 0| 0| 0| 0| 0|33|33|33| 0| 0| 0| 0| 0|
| 0| 0| 0| 0|33|33| 0|33| 0| 0|33| 0| 0|
| 0| 0| 0| 0| 0| 0| 0|33|33|33|33| 0| 0|
| 0| 0| 0| 0| 0| 0|33|33|33|33| 0| 0| 0|
| 0| 0| 0| 0|33|33|33|33| 0| 0| 0| 0| 0|
| 0| 0|33|33|33|33| 0| 0| 0| 0| 0| 0| 0|
| 0| 0|33|33|33|33| 0| 0| 0| 0| 0| 0| 0|
| 0| 0| 0| 0|33|33|33|33| 0| 0| 0| 0| 0|
| 0| 0| 0| 0|33|33|33|33| 0| 0| 0| 0| 0|
| 0| 0| 0| 0| 0|33|33|33|33| 0| 0| 0| 0|
| 0| 0|33|33|33|33| 0| 0| 0| 0| 0| 0| 0|
| 0| 0|33| 0| 0|33| 0| 0| 0| 0| 0| 0| 0|
| 0| 0|33|33| 0| 0| 0| 0| 0| 0| 0| 0| 0|
| 0| 0| 0|33| 0| 0| 0| 0| 0| 0| 0| 0| 0|
| 0| 0| 0| 0| 0| 0| 0| 0| 0| 0| 0| 0| 0|
| 0| 0| 0| 0| 0| 0| 0| 0| 0| 0| 0| 0| 0|


Solution 2:
|..|..|..|..|..|..| 7|..|..|
|..|..|..|..| 0| 3| 6|..|..|
|..|..|..|..|..|10|..|..|..|
|..|..|..|..|..|13|..|..|..|
|..|..|..|44|15|16|..|..|..|
|..|..|52|51|..|48|..|..|21|
|..|..|..|..|..|49|46|25|22|
|..|..|..|..|53|50|47|26|..|
|..|..|43|42|35|34|..|..|..|
|12|41|40|39|..|..|..|..|..|
| 9|38|37|36|..|..|..|..|..|
|..|..| 1| 2|29|32|..|..|..|
|..|..| 4| 5|28|31|..|..|..|
|..|..|..| 8|27|30|33|..|..|
|11|18|19|20|..|..|..|..|..|
|14|..|..|23|..|..|..|..|..|
|17|24|..|..|..|..|..|..|..|
|..|45|..|..|..|..|..|..|..|

Found intersection:
Number of different intersections found: 834
......#..|
.....##..|
.....#...|
....##...|
...###...|
..##.#..#|
.....####|
....####.|
..####...|
.####....|
####.....|
.####....|
..####...|
...####..|
####.....|
#..#.....|
##.......|
.#.......|


Solution 1:
| 0| 0| 0| 0| 0| 0| 0| 0| 0| 0| 0| 0| 0|
| 0| 0| 0| 0| 0| 0| 0| 0| 0| 0| 0| 0| 0|
| 0| 0| 0| 0| 0| 0| 0| 0|33| 0| 0| 0| 0|
| 0| 0| 0| 0| 0| 0| 0|33|33| 0| 0| 0| 0|
| 0| 0| 0| 0| 0| 0| 0|33| 0| 0| 0| 0| 0|
| 0| 0| 0| 0| 0| 0|33|33| 0| 0| 0| 0| 0|
| 0| 0| 0| 0| 0|33|33|33| 0| 0| 0| 0| 0|
| 0| 0| 0| 0|33|33| 0|33| 0| 0|33| 0| 0|
| 0| 0| 0| 0| 0| 0| 0|33|33|33|33| 0| 0|
| 0| 0| 0| 0| 0| 0|33|33|33|33| 0| 0| 0|
| 0| 0| 0| 0|33|33|33|33| 0| 0| 0| 0| 0|
| 0| 0| 0|33|33|33|33| 0| 0| 0| 0| 0| 0|
| 0| 0|33|33|33|33| 0| 0| 0| 0| 0| 0| 0|
| 0| 0| 0|33|33|33|33| 0| 0| 0| 0| 0| 0|
| 0| 0| 0| 0|33|33|33|33| 0| 0| 0| 0| 0|
| 0| 0| 0| 0| 0|33|33|33|33| 0| 0| 0| 0|
| 0| 0|33|33|33|33| 0| 0| 0| 0| 0| 0| 0|
| 0| 0|33| 0| 0|33| 0| 0| 0| 0| 0| 0| 0|
| 0| 0|33|33| 0| 0| 0| 0| 0| 0| 0| 0| 0|
| 0| 0| 0|33| 0| 0| 0| 0| 0| 0| 0| 0| 0|
| 0| 0| 0| 0| 0| 0| 0| 0| 0| 0| 0| 0| 0|
| 0| 0| 0| 0| 0| 0| 0| 0| 0| 0| 0| 0| 0|


Solution 2:
|..|..|..|..|..|..| 3|..|..|
|..|..|..|..|..| 1| 0|..|..|
|..|..|..|..|..|37|..|..|..|
|..|..|..|..|39|40|..|..|..|
|..|..|..|35|42|43|..|..|..|
|..|..|50|53|..|52|..|..|12|
|..|..|..|..|..|49|48|16|13|
|..|..|..|..|47|46|45|17|..|
|..|..|34|33|26|25|..|..|..|
|..|32|31|30|23|..|..|..|..|
|36|29|28|27|..|..|..|..|..|
|..| 2| 5| 8|20|..|..|..|..|
|..|..| 4| 7|19|22|..|..|..|
|..|..|..| 6|18|21|24|..|..|
|38| 9|10|11|..|..|..|..|..|
|41|..|..|14|..|..|..|..|..|
|44|15|..|..|..|..|..|..|..|
|..|51|..|..|..|..|..|..|..|

Found intersection:
Number of different intersections found: 835
......#..|
.....##..|
.....#...|
....##...|
...###...|
..##.#..#|
.....####|
....####.|
..####...|
.####....|
.####....|
####.....|
..####...|
...####..|
####.....|
#..#.....|
##.......|
.#.......|


Solution 1:
| 0| 0| 0| 0| 0| 0| 0| 0| 0| 0| 0| 0| 0|
| 0| 0| 0| 0| 0| 0| 0| 0| 0| 0| 0| 0| 0|
| 0| 0| 0| 0| 0| 0| 0| 0|33| 0| 0| 0| 0|
| 0| 0| 0| 0| 0| 0| 0|33|33| 0| 0| 0| 0|
| 0| 0| 0| 0| 0| 0| 0|33| 0| 0| 0| 0| 0|
| 0| 0| 0| 0| 0| 0|33|33| 0| 0| 0| 0| 0|
| 0| 0| 0| 0| 0|33|33|33| 0| 0| 0| 0| 0|
| 0| 0| 0| 0|33|33| 0|33| 0| 0|33| 0| 0|
| 0| 0| 0| 0| 0| 0| 0|33|33|33|33| 0| 0|
| 0| 0| 0| 0| 0| 0|33|33|33|33| 0| 0| 0|
| 0| 0| 0| 0|33|33|33|33| 0| 0| 0| 0| 0|
| 0| 0| 0|33|33|33|33| 0| 0| 0| 0| 0| 0|
| 0| 0| 0|33|33|33|33| 0| 0| 0| 0| 0| 0|
| 0| 0|33|33|33|33| 0| 0| 0| 0| 0| 0| 0|
| 0| 0| 0| 0|33|33|33|33| 0| 0| 0| 0| 0|
| 0| 0| 0| 0| 0|33|33|33|33| 0| 0| 0| 0|
| 0| 0|33|33|33|33| 0| 0| 0| 0| 0| 0| 0|
| 0| 0|33| 0| 0|33| 0| 0| 0| 0| 0| 0| 0|
| 0| 0|33|33| 0| 0| 0| 0| 0| 0| 0| 0| 0|
| 0| 0| 0|33| 0| 0| 0| 0| 0| 0| 0| 0| 0|
| 0| 0| 0| 0| 0| 0| 0| 0| 0| 0| 0| 0| 0|
| 0| 0| 0| 0| 0| 0| 0| 0| 0| 0| 0| 0| 0|


Solution 2:
|..|..|..|..|..|..| 3|..|..|
|..|..|..|..|..| 1| 0|..|..|
|..|..|..|..|..|37|..|..|..|
|..|..|..|..|39|40|..|..|..|
|..|..|..|35|42|43|..|..|..|
|..|..|50|53|..|52|..|..|12|
|..|..|..|..|..|49|48|16|13|
|..|..|..|..|47|46|45|17|..|
|..|..|34|33|26|25|..|..|..|
|..|32|31|30|23|..|..|..|..|
|..|29|28|27|20|..|..|..|..|
|36| 2| 5| 8|..|..|..|..|..|
|..|..| 4| 7|19|22|..|..|..|
|..|..|..| 6|18|21|24|..|..|
|38| 9|10|11|..|..|..|..|..|
|41|..|..|14|..|..|..|..|..|
|44|15|..|..|..|..|..|..|..|
|..|51|..|..|..|..|..|..|..|

Number uniq of solutions found through the shape checker: 835
Num uniq solutions written in output file: 3

File output13x1x1Index14-afterchange.txt
Number uniq of solutions found through the shape checker: 835
Num uniq solutions written in output file: 0

File output13x1x1Index15-afterchange.txt
Number uniq of solutions found through the shape checker: 835
Num uniq solutions written in output file: 0

File output13x1x1Index16-afterchange.txt
Number uniq of solutions found through the shape checker: 835
Num uniq solutions written in output file: 2

File output13x1x1Index17-afterchange.txt
Number uniq of solutions found through the shape checker: 835
Num uniq solutions written in output file: 0

File output13x1x1Index18and19-afterchange.txt
Found intersection:
Number of different intersections found: 836
......##|
......#.|
.....##.|
.....#..|
..##.#..|
..####..|
....####|
....####|
..####..|
..####..|
####....|
.####...|
.####...|
...####.|
....##..|
.....#..|
....####|
.....#.#|


Solution 1:
| 0| 0| 0| 0| 0| 0| 0| 0| 0| 0| 0| 0|
| 0| 0| 0| 0| 0| 0| 0| 0| 0| 0| 0| 0|
| 0| 0| 0| 0| 0| 0| 0| 0|33|33| 0| 0|
| 0| 0| 0| 0| 0| 0| 0| 0|33| 0| 0| 0|
| 0| 0| 0| 0| 0| 0| 0|33|33| 0| 0| 0|
| 0| 0| 0| 0| 0| 0| 0|33| 0| 0| 0| 0|
| 0| 0| 0| 0|33|33| 0|33| 0| 0| 0| 0|
| 0| 0| 0| 0|33|33|33|33| 0| 0| 0| 0|
| 0| 0| 0| 0| 0| 0|33|33|33|33| 0| 0|
| 0| 0| 0| 0| 0| 0|33|33|33|33| 0| 0|
| 0| 0| 0| 0|33|33|33|33| 0| 0| 0| 0|
| 0| 0| 0| 0|33|33|33|33| 0| 0| 0| 0|
| 0| 0|33|33|33|33| 0| 0| 0| 0| 0| 0|
| 0| 0| 0|33|33|33|33| 0| 0| 0| 0| 0|
| 0| 0| 0|33|33|33|33| 0| 0| 0| 0| 0|
| 0| 0| 0| 0| 0|33|33|33|33| 0| 0| 0|
| 0| 0| 0| 0| 0| 0|33|33| 0| 0| 0| 0|
| 0| 0| 0| 0| 0| 0| 0|33| 0| 0| 0| 0|
| 0| 0| 0| 0| 0| 0|33|33|33|33| 0| 0|
| 0| 0| 0| 0| 0| 0| 0|33| 0|33| 0| 0|
| 0| 0| 0| 0| 0| 0| 0| 0| 0| 0| 0| 0|
| 0| 0| 0| 0| 0| 0| 0| 0| 0| 0| 0| 0|


Solution 2:
|..|..|..|..|..|..| 3|10|
|..|..|..|..|..|..| 0|..|
|..|..|..|..|..|37|38|..|
|..|..|..|..|..|40|..|..|
|..|..|39|42|..|43|..|..|
|..|..|32|35|53|52|..|..|
|..|..|..|..|50|49|48|16|
|..|..|..|..|47|46|45|17|
|..|..|34|33|26|25|..|..|
|..|..|31|30|23|22|..|..|
|36|29|28|27|..|..|..|..|
|..| 2| 5| 8|20|..|..|..|
|..| 1| 4| 7|19|..|..|..|
|..|..|..| 6|18|21|24|..|
|..|..|..|..|11|14|..|..|
|..|..|..|..|..|13|..|..|
|..|..|..|..| 9|12|15|51|
|..|..|..|..|..|41|..|44|

Found intersection:
Number of different intersections found: 837
......##|
......#.|
.....##.|
.....#..|
..##.#..|
..####..|
....####|
....####|
..####..|
..####..|
.####...|
####....|
.####...|
...####.|
....##..|
.....#..|
....####|
.....#.#|


Solution 1:
| 0| 0| 0| 0| 0| 0| 0| 0| 0| 0| 0| 0|
| 0| 0| 0| 0| 0| 0| 0| 0| 0| 0| 0| 0|
| 0| 0| 0| 0| 0| 0| 0| 0|33|33| 0| 0|
| 0| 0| 0| 0| 0| 0| 0| 0|33| 0| 0| 0|
| 0| 0| 0| 0| 0| 0| 0|33|33| 0| 0| 0|
| 0| 0| 0| 0| 0| 0| 0|33| 0| 0| 0| 0|
| 0| 0| 0| 0|33|33| 0|33| 0| 0| 0| 0|
| 0| 0| 0| 0|33|33|33|33| 0| 0| 0| 0|
| 0| 0| 0| 0| 0| 0|33|33|33|33| 0| 0|
| 0| 0| 0| 0| 0| 0|33|33|33|33| 0| 0|
| 0| 0| 0| 0|33|33|33|33| 0| 0| 0| 0|
| 0| 0| 0| 0|33|33|33|33| 0| 0| 0| 0|
| 0| 0| 0|33|33|33|33| 0| 0| 0| 0| 0|
| 0| 0|33|33|33|33| 0| 0| 0| 0| 0| 0|
| 0| 0| 0|33|33|33|33| 0| 0| 0| 0| 0|
| 0| 0| 0| 0| 0|33|33|33|33| 0| 0| 0|
| 0| 0| 0| 0| 0| 0|33|33| 0| 0| 0| 0|
| 0| 0| 0| 0| 0| 0| 0|33| 0| 0| 0| 0|
| 0| 0| 0| 0| 0| 0|33|33|33|33| 0| 0|
| 0| 0| 0| 0| 0| 0| 0|33| 0|33| 0| 0|
| 0| 0| 0| 0| 0| 0| 0| 0| 0| 0| 0| 0|
| 0| 0| 0| 0| 0| 0| 0| 0| 0| 0| 0| 0|


Solution 2:
|..|..|..|..|..|..| 3|10|
|..|..|..|..|..|..| 0|..|
|..|..|..|..|..|37|38|..|
|..|..|..|..|..|40|..|..|
|..|..|39|42|..|43|..|..|
|..|..|32|35|53|52|..|..|
|..|..|..|..|50|49|48|16|
|..|..|..|..|47|46|45|17|
|..|..|34|33|26|25|..|..|
|..|..|31|30|23|22|..|..|
|..|29|28|27|20|..|..|..|
|36| 2| 5| 8|..|..|..|..|
|..| 1| 4| 7|19|..|..|..|
|..|..|..| 6|18|21|24|..|
|..|..|..|..|11|14|..|..|
|..|..|..|..|..|13|..|..|
|..|..|..|..| 9|12|15|51|
|..|..|..|..|..|41|..|44|

Found intersection:
Number of different intersections found: 838
...........#.|
........####.|
.........####|
......#.##.#.|
.....####....|
....####.....|
...####......|
....####.....|
....####.....|
..####.......|
####.........|
.####........|
####.........|
##...........|
.##..........|
.#...........|


Solution 1:
| 0| 0| 0| 0| 0| 0| 0| 0| 0| 0| 0| 0| 0| 0| 0| 0| 0|
| 0| 0| 0| 0| 0| 0| 0| 0| 0| 0| 0| 0| 0| 0| 0| 0| 0|
| 0| 0| 0| 0| 0| 0| 0| 0| 0| 0| 0| 0| 0|33| 0| 0| 0|
| 0| 0| 0| 0| 0| 0| 0| 0| 0| 0|33|33|33|33| 0| 0| 0|
| 0| 0| 0| 0| 0| 0| 0| 0| 0| 0| 0|33|33|33|33| 0| 0|
| 0| 0| 0| 0| 0| 0| 0| 0|33| 0|33|33| 0|33| 0| 0| 0|
| 0| 0| 0| 0| 0| 0| 0|33|33|33|33| 0| 0| 0| 0| 0| 0|
| 0| 0| 0| 0| 0| 0|33|33|33|33| 0| 0| 0| 0| 0| 0| 0|
| 0| 0| 0| 0| 0|33|33|33|33| 0| 0| 0| 0| 0| 0| 0| 0|
| 0| 0| 0| 0| 0| 0|33|33|33|33| 0| 0| 0| 0| 0| 0| 0|
| 0| 0| 0| 0| 0| 0|33|33|33|33| 0| 0| 0| 0| 0| 0| 0|
| 0| 0| 0| 0|33|33|33|33| 0| 0| 0| 0| 0| 0| 0| 0| 0|
| 0| 0|33|33|33|33| 0| 0| 0| 0| 0| 0| 0| 0| 0| 0| 0|
| 0| 0| 0|33|33|33|33| 0| 0| 0| 0| 0| 0| 0| 0| 0| 0|
| 0| 0|33|33|33|33| 0| 0| 0| 0| 0| 0| 0| 0| 0| 0| 0|
| 0| 0|33|33| 0| 0| 0| 0| 0| 0| 0| 0| 0| 0| 0| 0| 0|
| 0| 0| 0|33|33| 0| 0| 0| 0| 0| 0| 0| 0| 0| 0| 0| 0|
| 0| 0| 0|33| 0| 0| 0| 0| 0| 0| 0| 0| 0| 0| 0| 0| 0|
| 0| 0| 0| 0| 0| 0| 0| 0| 0| 0| 0| 0| 0| 0| 0| 0| 0|
| 0| 0| 0| 0| 0| 0| 0| 0| 0| 0| 0| 0| 0| 0| 0| 0| 0|


Solution 2:
|..|..|..|..|..|..|..|..|..|..|..|14|..|
|..|..|..|..|..|..|..|..| 4| 3|10|13|..|
|..|..|..|..|..|..|..|..|..| 0| 9|12|15|
|..|..|..|..|..|..|29|..|37|38|..|41|..|
|..|..|..|..|..|31|32|39|40|..|..|..|..|
|..|..|..|..|33|34|35|42|..|..|..|..|..|
|..|..|..|26|47|50|53|..|..|..|..|..|..|
|..|..|..|..|46|49|52|43|..|..|..|..|..|
|..|..|..|..|45|48|51|44|..|..|..|..|..|
|..|..|25|24|17|16|..|..|..|..|..|..|..|
|30|23|22|21|..|..|..|..|..|..|..|..|..|
|..|20|19|18|11|..|..|..|..|..|..|..|..|
|27| 8| 7| 6|..|..|..|..|..|..|..|..|..|
|28| 5|..|..|..|..|..|..|..|..|..|..|..|
|..| 2| 1|..|..|..|..|..|..|..|..|..|..|
|..|36|..|..|..|..|..|..|..|..|..|..|..|

Found intersection:
Number of different intersections found: 839
...........#.|
........####.|
.........####|
......#.##.#.|
.....####....|
...####......|
....####.....|
....####.....|
....####.....|
..####.......|
####.........|
.####........|
####.........|
##...........|
.##..........|
.#...........|


Solution 1:
| 0| 0| 0| 0| 0| 0| 0| 0| 0| 0| 0| 0| 0| 0| 0| 0| 0|
| 0| 0| 0| 0| 0| 0| 0| 0| 0| 0| 0| 0| 0| 0| 0| 0| 0|
| 0| 0| 0| 0| 0| 0| 0| 0| 0| 0| 0| 0| 0|33| 0| 0| 0|
| 0| 0| 0| 0| 0| 0| 0| 0| 0| 0|33|33|33|33| 0| 0| 0|
| 0| 0| 0| 0| 0| 0| 0| 0| 0| 0| 0|33|33|33|33| 0| 0|
| 0| 0| 0| 0| 0| 0| 0| 0|33| 0|33|33| 0|33| 0| 0| 0|
| 0| 0| 0| 0| 0| 0| 0|33|33|33|33| 0| 0| 0| 0| 0| 0|
| 0| 0| 0| 0| 0|33|33|33|33| 0| 0| 0| 0| 0| 0| 0| 0|
| 0| 0| 0| 0| 0| 0|33|33|33|33| 0| 0| 0| 0| 0| 0| 0|
| 0| 0| 0| 0| 0| 0|33|33|33|33| 0| 0| 0| 0| 0| 0| 0|
| 0| 0| 0| 0| 0| 0|33|33|33|33| 0| 0| 0| 0| 0| 0| 0|
| 0| 0| 0| 0|33|33|33|33| 0| 0| 0| 0| 0| 0| 0| 0| 0|
| 0| 0|33|33|33|33| 0| 0| 0| 0| 0| 0| 0| 0| 0| 0| 0|
| 0| 0| 0|33|33|33|33| 0| 0| 0| 0| 0| 0| 0| 0| 0| 0|
| 0| 0|33|33|33|33| 0| 0| 0| 0| 0| 0| 0| 0| 0| 0| 0|
| 0| 0|33|33| 0| 0| 0| 0| 0| 0| 0| 0| 0| 0| 0| 0| 0|
| 0| 0| 0|33|33| 0| 0| 0| 0| 0| 0| 0| 0| 0| 0| 0| 0|
| 0| 0| 0|33| 0| 0| 0| 0| 0| 0| 0| 0| 0| 0| 0| 0| 0|
| 0| 0| 0| 0| 0| 0| 0| 0| 0| 0| 0| 0| 0| 0| 0| 0| 0|
| 0| 0| 0| 0| 0| 0| 0| 0| 0| 0| 0| 0| 0| 0| 0| 0| 0|


Solution 2:
|..|..|..|..|..|..|..|..|..|..|..|14|..|
|..|..|..|..|..|..|..|..| 4| 3|10|13|..|
|..|..|..|..|..|..|..|..|..| 0| 9|12|15|
|..|..|..|..|..|..|29|..|37|38|..|41|..|
|..|..|..|..|..|31|32|39|40|..|..|..|..|
|..|..|..|26|33|34|35|..|..|..|..|..|..|
|..|..|..|..|47|50|53|42|..|..|..|..|..|
|..|..|..|..|46|49|52|43|..|..|..|..|..|
|..|..|..|..|45|48|51|44|..|..|..|..|..|
|..|..|25|24|17|16|..|..|..|..|..|..|..|
|30|23|22|21|..|..|..|..|..|..|..|..|..|
|..|20|19|18|11|..|..|..|..|..|..|..|..|
|27| 8| 7| 6|..|..|..|..|..|..|..|..|..|
|28| 5|..|..|..|..|..|..|..|..|..|..|..|
|..| 2| 1|..|..|..|..|..|..|..|..|..|..|
|..|36|..|..|..|..|..|..|..|..|..|..|..|

Number uniq of solutions found through the shape checker: 839
Num uniq solutions written in output file: 4

File output13x1x1Index20and21-afterchange.txt
Number uniq of solutions found through the shape checker: 839
Num uniq solutions written in output file: 0

File output13x1x1Index22and23-afterchange.txt
Number uniq of solutions found through the shape checker: 839
Num uniq solutions written in output file: 0

File output13x1x1Index24and25-afterchange.txt
Number uniq of solutions found through the shape checker: 839
Num uniq solutions written in output file: 2

File output13x1x1Index26and27-afterchange.txt
Found intersection:
Number of different intersections found: 840
....##...|
.....#...|
.....##..|
...####..|
....####.|
.....####|
..#.##.#.|
..####...|
####.....|
####.....|
..####...|
..####...|
####.....|
.####....|
.#.##....|
....#....|
....#....|


Solution 1:
| 0| 0| 0| 0| 0| 0| 0| 0| 0| 0| 0| 0| 0|
| 0| 0| 0| 0| 0| 0| 0| 0| 0| 0| 0| 0| 0|
| 0| 0| 0| 0| 0| 0|33|33| 0| 0| 0| 0| 0|
| 0| 0| 0| 0| 0| 0| 0|33| 0| 0| 0| 0| 0|
| 0| 0| 0| 0| 0| 0| 0|33|33| 0| 0| 0| 0|
| 0| 0| 0| 0| 0|33|33|33|33| 0| 0| 0| 0|
| 0| 0| 0| 0| 0| 0|33|33|33|33| 0| 0| 0|
| 0| 0| 0| 0| 0| 0| 0|33|33|33|33| 0| 0|
| 0| 0| 0| 0|33| 0|33|33| 0|33| 0| 0| 0|
| 0| 0| 0| 0|33|33|33|33| 0| 0| 0| 0| 0|
| 0| 0|33|33|33|33| 0| 0| 0| 0| 0| 0| 0|
| 0| 0|33|33|33|33| 0| 0| 0| 0| 0| 0| 0|
| 0| 0| 0| 0|33|33|33|33| 0| 0| 0| 0| 0|
| 0| 0| 0| 0|33|33|33|33| 0| 0| 0| 0| 0|
| 0| 0|33|33|33|33| 0| 0| 0| 0| 0| 0| 0|
| 0| 0| 0|33|33|33|33| 0| 0| 0| 0| 0| 0|
| 0| 0| 0|33| 0|33|33| 0| 0| 0| 0| 0| 0|
| 0| 0| 0| 0| 0| 0|33| 0| 0| 0| 0| 0| 0|
| 0| 0| 0| 0| 0| 0|33| 0| 0| 0| 0| 0| 0|
| 0| 0| 0| 0| 0| 0| 0| 0| 0| 0| 0| 0| 0|
| 0| 0| 0| 0| 0| 0| 0| 0| 0| 0| 0| 0| 0|


Solution 2:
|..|..|..|..| 0| 3|..|..|..|
|..|..|..|..|..|10|..|..|..|
|..|..|..|..|..|13|14|..|..|
|..|..|..|44|15|16|17|..|..|
|..|..|..|..|51|48|45|24|..|
|..|..|..|..|..|49|46|25|22|
|..|..|52|..|53|50|..|26|..|
|..|..|43|42|35|34|..|..|..|
|12|41|40|39|..|..|..|..|..|
| 9|38|37|36|..|..|..|..|..|
|..|..| 1| 2|29|32|..|..|..|
|..|..| 4| 5|28|31|..|..|..|
|11| 6| 7| 8|..|..|..|..|..|
|..|18|19|20|27|..|..|..|..|
|..|21|..|23|30|..|..|..|..|
|..|..|..|..|33|..|..|..|..|
|..|..|..|..|47|..|..|..|..|

Found intersection:
Number of different intersections found: 841
.....#...|
.....#...|
....###..|
....####.|
...####..|
.....####|
..#.##.#.|
..####...|
.####....|
####.....|
.####....|
..####...|
####.....|
.####....|
.#.##....|
....#....|
....#....|


Solution 1:
| 0| 0| 0| 0| 0| 0| 0| 0| 0| 0| 0| 0| 0|
| 0| 0| 0| 0| 0| 0| 0| 0| 0| 0| 0| 0| 0|
| 0| 0| 0| 0| 0| 0| 0|33| 0| 0| 0| 0| 0|
| 0| 0| 0| 0| 0| 0| 0|33| 0| 0| 0| 0| 0|
| 0| 0| 0| 0| 0| 0|33|33|33| 0| 0| 0| 0|
| 0| 0| 0| 0| 0| 0|33|33|33|33| 0| 0| 0|
| 0| 0| 0| 0| 0|33|33|33|33| 0| 0| 0| 0|
| 0| 0| 0| 0| 0| 0| 0|33|33|33|33| 0| 0|
| 0| 0| 0| 0|33| 0|33|33| 0|33| 0| 0| 0|
| 0| 0| 0| 0|33|33|33|33| 0| 0| 0| 0| 0|
| 0| 0| 0|33|33|33|33| 0| 0| 0| 0| 0| 0|
| 0| 0|33|33|33|33| 0| 0| 0| 0| 0| 0| 0|
| 0| 0| 0|33|33|33|33| 0| 0| 0| 0| 0| 0|
| 0| 0| 0| 0|33|33|33|33| 0| 0| 0| 0| 0|
| 0| 0|33|33|33|33| 0| 0| 0| 0| 0| 0| 0|
| 0| 0| 0|33|33|33|33| 0| 0| 0| 0| 0| 0|
| 0| 0| 0|33| 0|33|33| 0| 0| 0| 0| 0| 0|
| 0| 0| 0| 0| 0| 0|33| 0| 0| 0| 0| 0| 0|
| 0| 0| 0| 0| 0| 0|33| 0| 0| 0| 0| 0| 0|
| 0| 0| 0| 0| 0| 0| 0| 0| 0| 0| 0| 0| 0|
| 0| 0| 0| 0| 0| 0| 0| 0| 0| 0| 0| 0| 0|


Solution 2:
|..|..|..|..|..|28|..|..|..|
|..|..|..|..|..| 5|..|..|..|
|..|..|..|..| 1| 4| 7|..|..|
|..|..|..|..| 0| 3| 6|18|..|
|..|..|..|38| 9|10|11|..|..|
|..|..|..|..|..|13|14|21|22|
|..|..|12|..|15|16|..|24|..|
|..|..|41|44|51|48|..|..|..|
|..|37|40|43|52|..|..|..|..|
| 2|36|39|42|..|..|..|..|..|
|..|29|32|35|53|..|..|..|..|
|..|..|31|34|50|49|..|..|..|
| 8|27|30|33|..|..|..|..|..|
|..|20|23|26|47|..|..|..|..|
|..|19|..|25|46|..|..|..|..|
|..|..|..|..|45|..|..|..|..|
|..|..|..|..|17|..|..|..|..|

Found intersection:
Number of different intersections found: 842
.....#...|
...####..|
...####..|
....####.|
.....####|
..#.##.#.|
..####...|
..####...|
####.....|
.####....|
.####....|
####.....|
.####....|
.#.##....|
....#....|
....#....|


Solution 1:
| 0| 0| 0| 0| 0| 0| 0| 0| 0| 0| 0| 0| 0|
| 0| 0| 0| 0| 0| 0| 0| 0| 0| 0| 0| 0| 0|
| 0| 0| 0| 0| 0| 0| 0|33| 0| 0| 0| 0| 0|
| 0| 0| 0| 0| 0|33|33|33|33| 0| 0| 0| 0|
| 0| 0| 0| 0| 0|33|33|33|33| 0| 0| 0| 0|
| 0| 0| 0| 0| 0| 0|33|33|33|33| 0| 0| 0|
| 0| 0| 0| 0| 0| 0| 0|33|33|33|33| 0| 0|
| 0| 0| 0| 0|33| 0|33|33| 0|33| 0| 0| 0|
| 0| 0| 0| 0|33|33|33|33| 0| 0| 0| 0| 0|
| 0| 0| 0| 0|33|33|33|33| 0| 0| 0| 0| 0|
| 0| 0|33|33|33|33| 0| 0| 0| 0| 0| 0| 0|
| 0| 0| 0|33|33|33|33| 0| 0| 0| 0| 0| 0|
| 0| 0| 0|33|33|33|33| 0| 0| 0| 0| 0| 0|
| 0| 0|33|33|33|33| 0| 0| 0| 0| 0| 0| 0|
| 0| 0| 0|33|33|33|33| 0| 0| 0| 0| 0| 0|
| 0| 0| 0|33| 0|33|33| 0| 0| 0| 0| 0| 0|
| 0| 0| 0| 0| 0| 0|33| 0| 0| 0| 0| 0| 0|
| 0| 0| 0| 0| 0| 0|33| 0| 0| 0| 0| 0| 0|
| 0| 0| 0| 0| 0| 0| 0| 0| 0| 0| 0| 0| 0|
| 0| 0| 0| 0| 0| 0| 0| 0| 0| 0| 0| 0| 0|


Solution 2:
|..|..|..|..|..|14|..|..|..|
|..|..|..| 3|10|13|16|..|..|
|..|..|..| 0| 9|12|15|..|..|
|..|..|..|..|38|41|44|51|..|
|..|..|..|..|..|40|43|52|49|
|..|..|37|..|36|39|..|53|..|
|..|..| 1| 2|29|32|..|..|..|
|..|..| 4| 5|28|31|..|..|..|
|11| 6| 7| 8|..|..|..|..|..|
|..|18|19|20|27|..|..|..|..|
|..|21|22|23|30|..|..|..|..|
|17|24|25|26|..|..|..|..|..|
|..|45|46|47|33|..|..|..|..|
|..|48|..|50|34|..|..|..|..|
|..|..|..|..|35|..|..|..|..|
|..|..|..|..|42|..|..|..|..|

Found intersection:
Number of different intersections found: 843
.....#...|
...####..|
....####.|
...####..|
.....####|
..#.##.#.|
..####...|
..####...|
####.....|
.####....|
.####....|
####.....|
.####....|
.#.##....|
....#....|
....#....|


Solution 1:
| 0| 0| 0| 0| 0| 0| 0| 0| 0| 0| 0| 0| 0|
| 0| 0| 0| 0| 0| 0| 0| 0| 0| 0| 0| 0| 0|
| 0| 0| 0| 0| 0| 0| 0|33| 0| 0| 0| 0| 0|
| 0| 0| 0| 0| 0|33|33|33|33| 0| 0| 0| 0|
| 0| 0| 0| 0| 0| 0|33|33|33|33| 0| 0| 0|
| 0| 0| 0| 0| 0|33|33|33|33| 0| 0| 0| 0|
| 0| 0| 0| 0| 0| 0| 0|33|33|33|33| 0| 0|
| 0| 0| 0| 0|33| 0|33|33| 0|33| 0| 0| 0|
| 0| 0| 0| 0|33|33|33|33| 0| 0| 0| 0| 0|
| 0| 0| 0| 0|33|33|33|33| 0| 0| 0| 0| 0|
| 0| 0|33|33|33|33| 0| 0| 0| 0| 0| 0| 0|
| 0| 0| 0|33|33|33|33| 0| 0| 0| 0| 0| 0|
| 0| 0| 0|33|33|33|33| 0| 0| 0| 0| 0| 0|
| 0| 0|33|33|33|33| 0| 0| 0| 0| 0| 0| 0|
| 0| 0| 0|33|33|33|33| 0| 0| 0| 0| 0| 0|
| 0| 0| 0|33| 0|33|33| 0| 0| 0| 0| 0| 0|
| 0| 0| 0| 0| 0| 0|33| 0| 0| 0| 0| 0| 0|
| 0| 0| 0| 0| 0| 0|33| 0| 0| 0| 0| 0| 0|
| 0| 0| 0| 0| 0| 0| 0| 0| 0| 0| 0| 0| 0|
| 0| 0| 0| 0| 0| 0| 0| 0| 0| 0| 0| 0| 0|


Solution 2:
|..|..|..|..|..| 5|..|..|..|
|..|..|..|37| 1| 4| 7|..|..|
|..|..|..|..| 0| 3| 6|18|..|
|..|..|..|38| 9|10|11|..|..|
|..|..|..|..|..|13|14|21|22|
|..|..|12|..|15|16|..|24|..|
|..|..|41|44|51|48|..|..|..|
|..|..|40|43|52|49|..|..|..|
| 2|36|39|42|..|..|..|..|..|
|..|29|32|35|53|..|..|..|..|
|..|28|31|34|50|..|..|..|..|
| 8|27|30|33|..|..|..|..|..|
|..|20|23|26|47|..|..|..|..|
|..|19|..|25|46|..|..|..|..|
|..|..|..|..|45|..|..|..|..|
|..|..|..|..|17|..|..|..|..|

Found intersection:
Number of different intersections found: 844
.....#...|
.....#...|
....###..|
....####.|
...####..|
.....####|
..#.##.#.|
..####...|
.####....|
.####....|
####.....|
..####...|
####.....|
.####....|
.#.##....|
....#....|
....#....|


Solution 1:
| 0| 0| 0| 0| 0| 0| 0| 0| 0| 0| 0| 0| 0|
| 0| 0| 0| 0| 0| 0| 0| 0| 0| 0| 0| 0| 0|
| 0| 0| 0| 0| 0| 0| 0|33| 0| 0| 0| 0| 0|
| 0| 0| 0| 0| 0| 0| 0|33| 0| 0| 0| 0| 0|
| 0| 0| 0| 0| 0| 0|33|33|33| 0| 0| 0| 0|
| 0| 0| 0| 0| 0| 0|33|33|33|33| 0| 0| 0|
| 0| 0| 0| 0| 0|33|33|33|33| 0| 0| 0| 0|
| 0| 0| 0| 0| 0| 0| 0|33|33|33|33| 0| 0|
| 0| 0| 0| 0|33| 0|33|33| 0|33| 0| 0| 0|
| 0| 0| 0| 0|33|33|33|33| 0| 0| 0| 0| 0|
| 0| 0| 0|33|33|33|33| 0| 0| 0| 0| 0| 0|
| 0| 0| 0|33|33|33|33| 0| 0| 0| 0| 0| 0|
| 0| 0|33|33|33|33| 0| 0| 0| 0| 0| 0| 0|
| 0| 0| 0| 0|33|33|33|33| 0| 0| 0| 0| 0|
| 0| 0|33|33|33|33| 0| 0| 0| 0| 0| 0| 0|
| 0| 0| 0|33|33|33|33| 0| 0| 0| 0| 0| 0|
| 0| 0| 0|33| 0|33|33| 0| 0| 0| 0| 0| 0|
| 0| 0| 0| 0| 0| 0|33| 0| 0| 0| 0| 0| 0|
| 0| 0| 0| 0| 0| 0|33| 0| 0| 0| 0| 0| 0|
| 0| 0| 0| 0| 0| 0| 0| 0| 0| 0| 0| 0| 0|
| 0| 0| 0| 0| 0| 0| 0| 0| 0| 0| 0| 0| 0|


Solution 2:
|..|..|..|..|..|28|..|..|..|
|..|..|..|..|..| 5|..|..|..|
|..|..|..|..| 1| 4| 7|..|..|
|..|..|..|..| 0| 3| 6|18|..|
|..|..|..|38| 9|10|11|..|..|
|..|..|..|..|..|13|14|21|22|
|..|..|12|..|15|16|..|24|..|
|..|..|41|44|51|48|..|..|..|
|..|37|40|43|52|..|..|..|..|
|..|36|39|42|53|..|..|..|..|
| 2|29|32|35|..|..|..|..|..|
|..|..|31|34|50|49|..|..|..|
| 8|27|30|33|..|..|..|..|..|
|..|20|23|26|47|..|..|..|..|
|..|19|..|25|46|..|..|..|..|
|..|..|..|..|45|..|..|..|..|
|..|..|..|..|17|..|..|..|..|

Found intersection:
Number of different intersections found: 845
.....#...|
...####..|
...####..|
....####.|
.....####|
..#.##.#.|
..####...|
..####...|
.####....|
####.....|
.####....|
####.....|
.####....|
.#.##....|
....#....|
....#....|


Solution 1:
| 0| 0| 0| 0| 0| 0| 0| 0| 0| 0| 0| 0| 0|
| 0| 0| 0| 0| 0| 0| 0| 0| 0| 0| 0| 0| 0|
| 0| 0| 0| 0| 0| 0| 0|33| 0| 0| 0| 0| 0|
| 0| 0| 0| 0| 0|33|33|33|33| 0| 0| 0| 0|
| 0| 0| 0| 0| 0|33|33|33|33| 0| 0| 0| 0|
| 0| 0| 0| 0| 0| 0|33|33|33|33| 0| 0| 0|
| 0| 0| 0| 0| 0| 0| 0|33|33|33|33| 0| 0|
| 0| 0| 0| 0|33| 0|33|33| 0|33| 0| 0| 0|
| 0| 0| 0| 0|33|33|33|33| 0| 0| 0| 0| 0|
| 0| 0| 0| 0|33|33|33|33| 0| 0| 0| 0| 0|
| 0| 0| 0|33|33|33|33| 0| 0| 0| 0| 0| 0|
| 0| 0|33|33|33|33| 0| 0| 0| 0| 0| 0| 0|
| 0| 0| 0|33|33|33|33| 0| 0| 0| 0| 0| 0|
| 0| 0|33|33|33|33| 0| 0| 0| 0| 0| 0| 0|
| 0| 0| 0|33|33|33|33| 0| 0| 0| 0| 0| 0|
| 0| 0| 0|33| 0|33|33| 0| 0| 0| 0| 0| 0|
| 0| 0| 0| 0| 0| 0|33| 0| 0| 0| 0| 0| 0|
| 0| 0| 0| 0| 0| 0|33| 0| 0| 0| 0| 0| 0|
| 0| 0| 0| 0| 0| 0| 0| 0| 0| 0| 0| 0| 0|
| 0| 0| 0| 0| 0| 0| 0| 0| 0| 0| 0| 0| 0|


Solution 2:
|..|..|..|..|..|14|..|..|..|
|..|..|..| 3|10|13|16|..|..|
|..|..|..| 0| 9|12|15|..|..|
|..|..|..|..|38|41|44|51|..|
|..|..|..|..|..|40|43|52|49|
|..|..|37|..|36|39|..|53|..|
|..|..| 1| 2|29|32|..|..|..|
|..|..| 4| 5|28|31|..|..|..|
|..| 6| 7| 8|27|..|..|..|..|
|11|18|19|20|..|..|..|..|..|
|..|21|22|23|30|..|..|..|..|
|17|24|25|26|..|..|..|..|..|
|..|45|46|47|33|..|..|..|..|
|..|48|..|50|34|..|..|..|..|
|..|..|..|..|35|..|..|..|..|
|..|..|..|..|42|..|..|..|..|

Found intersection:
Number of different intersections found: 846
.....#...|
...####..|
....####.|
...####..|
.....####|
..#.##.#.|
..####...|
..####...|
.####....|
####.....|
.####....|
####.....|
.####....|
.#.##....|
....#....|
....#....|


Solution 1:
| 0| 0| 0| 0| 0| 0| 0| 0| 0| 0| 0| 0| 0|
| 0| 0| 0| 0| 0| 0| 0| 0| 0| 0| 0| 0| 0|
| 0| 0| 0| 0| 0| 0| 0|33| 0| 0| 0| 0| 0|
| 0| 0| 0| 0| 0|33|33|33|33| 0| 0| 0| 0|
| 0| 0| 0| 0| 0| 0|33|33|33|33| 0| 0| 0|
| 0| 0| 0| 0| 0|33|33|33|33| 0| 0| 0| 0|
| 0| 0| 0| 0| 0| 0| 0|33|33|33|33| 0| 0|
| 0| 0| 0| 0|33| 0|33|33| 0|33| 0| 0| 0|
| 0| 0| 0| 0|33|33|33|33| 0| 0| 0| 0| 0|
| 0| 0| 0| 0|33|33|33|33| 0| 0| 0| 0| 0|
| 0| 0| 0|33|33|33|33| 0| 0| 0| 0| 0| 0|
| 0| 0|33|33|33|33| 0| 0| 0| 0| 0| 0| 0|
| 0| 0| 0|33|33|33|33| 0| 0| 0| 0| 0| 0|
| 0| 0|33|33|33|33| 0| 0| 0| 0| 0| 0| 0|
| 0| 0| 0|33|33|33|33| 0| 0| 0| 0| 0| 0|
| 0| 0| 0|33| 0|33|33| 0| 0| 0| 0| 0| 0|
| 0| 0| 0| 0| 0| 0|33| 0| 0| 0| 0| 0| 0|
| 0| 0| 0| 0| 0| 0|33| 0| 0| 0| 0| 0| 0|
| 0| 0| 0| 0| 0| 0| 0| 0| 0| 0| 0| 0| 0|
| 0| 0| 0| 0| 0| 0| 0| 0| 0| 0| 0| 0| 0|


Solution 2:
|..|..|..|..|..| 5|..|..|..|
|..|..|..|37| 1| 4| 7|..|..|
|..|..|..|..| 0| 3| 6|18|..|
|..|..|..|38| 9|10|11|..|..|
|..|..|..|..|..|13|14|21|22|
|..|..|12|..|15|16|..|24|..|
|..|..|41|44|51|48|..|..|..|
|..|..|40|43|52|49|..|..|..|
|..|36|39|42|53|..|..|..|..|
| 2|29|32|35|..|..|..|..|..|
|..|28|31|34|50|..|..|..|..|
| 8|27|30|33|..|..|..|..|..|
|..|20|23|26|47|..|..|..|..|
|..|19|..|25|46|..|..|..|..|
|..|..|..|..|45|..|..|..|..|
|..|..|..|..|17|..|..|..|..|

Found intersection:
Number of different intersections found: 847
.....#...|
....##...|
.....#...|
.....##..|
....###..|
....####.|
.....####|
..#.##.#.|
.####....|
####.....|
####.....|
..####...|
...####..|
####.....|
.####....|
.#.##....|
....#....|
....#....|


Solution 1:
| 0| 0| 0| 0| 0| 0| 0| 0| 0| 0| 0| 0| 0|
| 0| 0| 0| 0| 0| 0| 0| 0| 0| 0| 0| 0| 0|
| 0| 0| 0| 0| 0| 0| 0|33| 0| 0| 0| 0| 0|
| 0| 0| 0| 0| 0| 0|33|33| 0| 0| 0| 0| 0|
| 0| 0| 0| 0| 0| 0| 0|33| 0| 0| 0| 0| 0|
| 0| 0| 0| 0| 0| 0| 0|33|33| 0| 0| 0| 0|
| 0| 0| 0| 0| 0| 0|33|33|33| 0| 0| 0| 0|
| 0| 0| 0| 0| 0| 0|33|33|33|33| 0| 0| 0|
| 0| 0| 0| 0| 0| 0| 0|33|33|33|33| 0| 0|
| 0| 0| 0| 0|33| 0|33|33| 0|33| 0| 0| 0|
| 0| 0| 0|33|33|33|33| 0| 0| 0| 0| 0| 0|
| 0| 0|33|33|33|33| 0| 0| 0| 0| 0| 0| 0|
| 0| 0|33|33|33|33| 0| 0| 0| 0| 0| 0| 0|
| 0| 0| 0| 0|33|33|33|33| 0| 0| 0| 0| 0|
| 0| 0| 0| 0| 0|33|33|33|33| 0| 0| 0| 0|
| 0| 0|33|33|33|33| 0| 0| 0| 0| 0| 0| 0|
| 0| 0| 0|33|33|33|33| 0| 0| 0| 0| 0| 0|
| 0| 0| 0|33| 0|33|33| 0| 0| 0| 0| 0| 0|
| 0| 0| 0| 0| 0| 0|33| 0| 0| 0| 0| 0| 0|
| 0| 0| 0| 0| 0| 0|33| 0| 0| 0| 0| 0| 0|
| 0| 0| 0| 0| 0| 0| 0| 0| 0| 0| 0| 0| 0|
| 0| 0| 0| 0| 0| 0| 0| 0| 0| 0| 0| 0| 0|


Solution 2:
|..|..|..|..|..| 4|..|..|..|
|..|..|..|..| 0| 3|..|..|..|
|..|..|..|..|..|10|..|..|..|
|..|..|..|..|..|13|14|..|..|
|..|..|..|..|15|16|17|..|..|
|..|..|..|..|51|48|45|24|..|
|..|..|..|..|..|49|46|25|22|
|..|..|52|..|53|50|..|26|..|
|..|44|43|42|35|..|..|..|..|
|12|41|40|39|..|..|..|..|..|
| 9|38|37|36|..|..|..|..|..|
|..|..| 1| 2|29|32|..|..|..|
|..|..|..| 5|28|31|34|..|..|
|11| 6| 7| 8|..|..|..|..|..|
|..|18|19|20|27|..|..|..|..|
|..|21|..|23|30|..|..|..|..|
|..|..|..|..|33|..|..|..|..|
|..|..|..|..|47|..|..|..|..|

Number uniq of solutions found through the shape checker: 847
Num uniq solutions written in output file: 13

File output13x1x1Index28and29-afterchange.txt
Number uniq of solutions found through the shape checker: 847
Num uniq solutions written in output file: 0

File output13x1x1Index30and31-afterchange.txt
Number uniq of solutions found through the shape checker: 847
Num uniq solutions written in output file: 0

File output13x1x1Index32and33-afterchange.txt
Found intersection:
Number of different intersections found: 848
.##..............|
.#...............|
##.......##......|
.###.###.#.......|
.#.#######.......|
...#########.##..|
.....####..######|
........#.####..#|
..........####...|
............#....|


Solution 1:
| 0| 0| 0| 0| 0| 0| 0| 0| 0| 0| 0| 0| 0| 0| 0| 0| 0| 0| 0| 0| 0|
| 0| 0| 0| 0| 0| 0| 0| 0| 0| 0| 0| 0| 0| 0| 0| 0| 0| 0| 0| 0| 0|
| 0| 0| 0|33|33| 0| 0| 0| 0| 0| 0| 0| 0| 0| 0| 0| 0| 0| 0| 0| 0|
| 0| 0| 0|33| 0| 0| 0| 0| 0| 0| 0| 0| 0| 0| 0| 0| 0| 0| 0| 0| 0|
| 0| 0|33|33| 0| 0| 0| 0| 0| 0| 0|33|33| 0| 0| 0| 0| 0| 0| 0| 0|
| 0| 0| 0|33|33|33| 0|33|33|33| 0|33| 0| 0| 0| 0| 0| 0| 0| 0| 0|
| 0| 0| 0|33| 0|33|33|33|33|33|33|33| 0| 0| 0| 0| 0| 0| 0| 0| 0|
| 0| 0| 0| 0| 0|33|33|33|33|33|33|33|33|33| 0|33|33| 0| 0| 0| 0|
| 0| 0| 0| 0| 0| 0| 0|33|33|33|33| 0| 0|33|33|33|33|33|33| 0| 0|
| 0| 0| 0| 0| 0| 0| 0| 0| 0| 0|33| 0|33|33|33|33| 0| 0|33| 0| 0|
| 0| 0| 0| 0| 0| 0| 0| 0| 0| 0| 0| 0|33|33|33|33| 0| 0| 0| 0| 0|
| 0| 0| 0| 0| 0| 0| 0| 0| 0| 0| 0| 0| 0| 0|33| 0| 0| 0| 0| 0| 0|
| 0| 0| 0| 0| 0| 0| 0| 0| 0| 0| 0| 0| 0| 0| 0| 0| 0| 0| 0| 0| 0|
| 0| 0| 0| 0| 0| 0| 0| 0| 0| 0| 0| 0| 0| 0| 0| 0| 0| 0| 0| 0| 0|


Solution 2:
|..| 0| 9|..|..|..|..|..|..|..|..|..|..|..|..|..|..|
|..|38|..|..|..|..|..|..|..|..|..|..|..|..|..|..|..|
|40|41|..|..|..|..|..|..|..|13|12|..|..|..|..|..|..|
|..|44|15|16|..|17|14|11|..|10|..|..|..|..|..|..|..|
|..|51|..|48|45|24|21|18| 6| 3|..|..|..|..|..|..|..|
|..|..|..|49|46|25|22|19| 7| 4| 1|37|..|43|52|..|..|
|..|..|..|..|..|26|23|20| 8|..|..|36|39|42|53|50|47|
|..|..|..|..|..|..|..|..|27|..| 2|29|32|35|..|..|33|
|..|..|..|..|..|..|..|..|..|..| 5|28|31|34|..|..|..|
|..|..|..|..|..|..|..|..|..|..|..|..|30|..|..|..|..|

Found intersection:
Number of different intersections found: 849
.##.............|
.#..............|
##.......##.....|
.###.###.#......|
.#.#######......|
...#########....|
.....####..###.#|
........#.######|
..........#####.|
............###.|


Solution 1:
| 0| 0| 0| 0| 0| 0| 0| 0| 0| 0| 0| 0| 0| 0| 0| 0| 0| 0| 0| 0|
| 0| 0| 0| 0| 0| 0| 0| 0| 0| 0| 0| 0| 0| 0| 0| 0| 0| 0| 0| 0|
| 0| 0| 0|33|33| 0| 0| 0| 0| 0| 0| 0| 0| 0| 0| 0| 0| 0| 0| 0|
| 0| 0| 0|33| 0| 0| 0| 0| 0| 0| 0| 0| 0| 0| 0| 0| 0| 0| 0| 0|
| 0| 0|33|33| 0| 0| 0| 0| 0| 0| 0|33|33| 0| 0| 0| 0| 0| 0| 0|
| 0| 0| 0|33|33|33| 0|33|33|33| 0|33| 0| 0| 0| 0| 0| 0| 0| 0|
| 0| 0| 0|33| 0|33|33|33|33|33|33|33| 0| 0| 0| 0| 0| 0| 0| 0|
| 0| 0| 0| 0| 0|33|33|33|33|33|33|33|33|33| 0| 0| 0| 0| 0| 0|
| 0| 0| 0| 0| 0| 0| 0|33|33|33|33| 0| 0|33|33|33| 0|33| 0| 0|
| 0| 0| 0| 0| 0| 0| 0| 0| 0| 0|33| 0|33|33|33|33|33|33| 0| 0|
| 0| 0| 0| 0| 0| 0| 0| 0| 0| 0| 0| 0|33|33|33|33|33| 0| 0| 0|
| 0| 0| 0| 0| 0| 0| 0| 0| 0| 0| 0| 0| 0| 0|33|33|33| 0| 0| 0|
| 0| 0| 0| 0| 0| 0| 0| 0| 0| 0| 0| 0| 0| 0| 0| 0| 0| 0| 0| 0|
| 0| 0| 0| 0| 0| 0| 0| 0| 0| 0| 0| 0| 0| 0| 0| 0| 0| 0| 0| 0|


Solution 2:
|..| 0| 9|..|..|..|..|..|..|..|..|..|..|..|..|..|
|..|38|..|..|..|..|..|..|..|..|..|..|..|..|..|..|
|40|41|..|..|..|..|..|..|..|13|12|..|..|..|..|..|
|..|44|15|16|..|17|14|11|..|10|..|..|..|..|..|..|
|..|51|..|48|45|24|21|18| 6| 3|..|..|..|..|..|..|
|..|..|..|49|46|25|22|19| 7| 4| 1|37|..|..|..|..|
|..|..|..|..|..|26|23|20| 8|..|..|36|39|42|..|43|
|..|..|..|..|..|..|..|..|27|..| 2|29|32|35|53|52|
|..|..|..|..|..|..|..|..|..|..| 5|28|31|34|50|..|
|..|..|..|..|..|..|..|..|..|..|..|..|30|33|47|..|

Found intersection:
Number of different intersections found: 850
.##..............|
.#...............|
##.......##......|
.###.##.##.......|
.#.#######.......|
...#########.##..|
.....####..######|
.......#..####..#|
..........####...|
............#....|


Solution 1:
| 0| 0| 0| 0| 0| 0| 0| 0| 0| 0| 0| 0| 0| 0| 0| 0| 0| 0| 0| 0| 0|
| 0| 0| 0| 0| 0| 0| 0| 0| 0| 0| 0| 0| 0| 0| 0| 0| 0| 0| 0| 0| 0|
| 0| 0| 0|33|33| 0| 0| 0| 0| 0| 0| 0| 0| 0| 0| 0| 0| 0| 0| 0| 0|
| 0| 0| 0|33| 0| 0| 0| 0| 0| 0| 0| 0| 0| 0| 0| 0| 0| 0| 0| 0| 0|
| 0| 0|33|33| 0| 0| 0| 0| 0| 0| 0|33|33| 0| 0| 0| 0| 0| 0| 0| 0|
| 0| 0| 0|33|33|33| 0|33|33| 0|33|33| 0| 0| 0| 0| 0| 0| 0| 0| 0|
| 0| 0| 0|33| 0|33|33|33|33|33|33|33| 0| 0| 0| 0| 0| 0| 0| 0| 0|
| 0| 0| 0| 0| 0|33|33|33|33|33|33|33|33|33| 0|33|33| 0| 0| 0| 0|
| 0| 0| 0| 0| 0| 0| 0|33|33|33|33| 0| 0|33|33|33|33|33|33| 0| 0|
| 0| 0| 0| 0| 0| 0| 0| 0| 0|33| 0| 0|33|33|33|33| 0| 0|33| 0| 0|
| 0| 0| 0| 0| 0| 0| 0| 0| 0| 0| 0| 0|33|33|33|33| 0| 0| 0| 0| 0|
| 0| 0| 0| 0| 0| 0| 0| 0| 0| 0| 0| 0| 0| 0|33| 0| 0| 0| 0| 0| 0|
| 0| 0| 0| 0| 0| 0| 0| 0| 0| 0| 0| 0| 0| 0| 0| 0| 0| 0| 0| 0| 0|
| 0| 0| 0| 0| 0| 0| 0| 0| 0| 0| 0| 0| 0| 0| 0| 0| 0| 0| 0| 0| 0|


Solution 2:
|..| 0| 9|..|..|..|..|..|..|..|..|..|..|..|..|..|..|
|..|38|..|..|..|..|..|..|..|..|..|..|..|..|..|..|..|
|40|41|..|..|..|..|..|..|..|13|12|..|..|..|..|..|..|
|..|44|15|16|..|17|14|..|11|10|..|..|..|..|..|..|..|
|..|51|..|48|45|24|21|18| 6| 3|..|..|..|..|..|..|..|
|..|..|..|49|46|25|22|19| 7| 4| 1|37|..|43|52|..|..|
|..|..|..|..|..|26|23|20| 8|..|..|36|39|42|53|50|47|
|..|..|..|..|..|..|..|27|..|..| 2|29|32|35|..|..|33|
|..|..|..|..|..|..|..|..|..|..| 5|28|31|34|..|..|..|
|..|..|..|..|..|..|..|..|..|..|..|..|30|..|..|..|..|

Found intersection:
Number of different intersections found: 851
.##.............|
.#..............|
##.......##.....|
.###.##.##......|
.#.#######......|
...#########....|
.....####..###.#|
.......#..######|
..........#####.|
............###.|


Solution 1:
| 0| 0| 0| 0| 0| 0| 0| 0| 0| 0| 0| 0| 0| 0| 0| 0| 0| 0| 0| 0|
| 0| 0| 0| 0| 0| 0| 0| 0| 0| 0| 0| 0| 0| 0| 0| 0| 0| 0| 0| 0|
| 0| 0| 0|33|33| 0| 0| 0| 0| 0| 0| 0| 0| 0| 0| 0| 0| 0| 0| 0|
| 0| 0| 0|33| 0| 0| 0| 0| 0| 0| 0| 0| 0| 0| 0| 0| 0| 0| 0| 0|
| 0| 0|33|33| 0| 0| 0| 0| 0| 0| 0|33|33| 0| 0| 0| 0| 0| 0| 0|
| 0| 0| 0|33|33|33| 0|33|33| 0|33|33| 0| 0| 0| 0| 0| 0| 0| 0|
| 0| 0| 0|33| 0|33|33|33|33|33|33|33| 0| 0| 0| 0| 0| 0| 0| 0|
| 0| 0| 0| 0| 0|33|33|33|33|33|33|33|33|33| 0| 0| 0| 0| 0| 0|
| 0| 0| 0| 0| 0| 0| 0|33|33|33|33| 0| 0|33|33|33| 0|33| 0| 0|
| 0| 0| 0| 0| 0| 0| 0| 0| 0|33| 0| 0|33|33|33|33|33|33| 0| 0|
| 0| 0| 0| 0| 0| 0| 0| 0| 0| 0| 0| 0|33|33|33|33|33| 0| 0| 0|
| 0| 0| 0| 0| 0| 0| 0| 0| 0| 0| 0| 0| 0| 0|33|33|33| 0| 0| 0|
| 0| 0| 0| 0| 0| 0| 0| 0| 0| 0| 0| 0| 0| 0| 0| 0| 0| 0| 0| 0|
| 0| 0| 0| 0| 0| 0| 0| 0| 0| 0| 0| 0| 0| 0| 0| 0| 0| 0| 0| 0|


Solution 2:
|..| 0| 9|..|..|..|..|..|..|..|..|..|..|..|..|..|
|..|38|..|..|..|..|..|..|..|..|..|..|..|..|..|..|
|40|41|..|..|..|..|..|..|..|13|12|..|..|..|..|..|
|..|44|15|16|..|17|14|..|11|10|..|..|..|..|..|..|
|..|51|..|48|45|24|21|18| 6| 3|..|..|..|..|..|..|
|..|..|..|49|46|25|22|19| 7| 4| 1|37|..|..|..|..|
|..|..|..|..|..|26|23|20| 8|..|..|36|39|42|..|43|
|..|..|..|..|..|..|..|27|..|..| 2|29|32|35|53|52|
|..|..|..|..|..|..|..|..|..|..| 5|28|31|34|50|..|
|..|..|..|..|..|..|..|..|..|..|..|..|30|33|47|..|

Number uniq of solutions found through the shape checker: 851
Num uniq solutions written in output file: 4

File output13x1x1Index6.txt
Number uniq of solutions found through the shape checker: 851
Num uniq solutions written in output file: 0

File output13x1x1Index7.txt
Number uniq of solutions found through the shape checker: 851
Num uniq solutions written in output file: 0

File output13x1x1Index8-afterchange.txt
Number uniq of solutions found through the shape checker: 851
Num uniq solutions written in output file: 0

File output13x1x1Index8.txt
Number uniq of solutions found through the shape checker: 851
Num uniq solutions written in output file: 0

File output13x1x1Index9-afterchange.txt
Found intersection:
Number of different intersections found: 852
......#..|
....###..|
.....#...|
.....#...|
...###...|
..##.#..#|
.....####|
....####.|
..####...|
####.....|
####.....|
..####...|
..####...|
...####..|
####.....|
#..#.....|
#........|
##.......|


Solution 1:
| 0| 0| 0| 0| 0| 0| 0| 0| 0| 0| 0| 0| 0|
| 0| 0| 0| 0| 0| 0| 0| 0| 0| 0| 0| 0| 0|
| 0| 0| 0| 0| 0| 0| 0| 0|33| 0| 0| 0| 0|
| 0| 0| 0| 0| 0| 0|33|33|33| 0| 0| 0| 0|
| 0| 0| 0| 0| 0| 0| 0|33| 0| 0| 0| 0| 0|
| 0| 0| 0| 0| 0| 0| 0|33| 0| 0| 0| 0| 0|
| 0| 0| 0| 0| 0|33|33|33| 0| 0| 0| 0| 0|
| 0| 0| 0| 0|33|33| 0|33| 0| 0|33| 0| 0|
| 0| 0| 0| 0| 0| 0| 0|33|33|33|33| 0| 0|
| 0| 0| 0| 0| 0| 0|33|33|33|33| 0| 0| 0|
| 0| 0| 0| 0|33|33|33|33| 0| 0| 0| 0| 0|
| 0| 0|33|33|33|33| 0| 0| 0| 0| 0| 0| 0|
| 0| 0|33|33|33|33| 0| 0| 0| 0| 0| 0| 0|
| 0| 0| 0| 0|33|33|33|33| 0| 0| 0| 0| 0|
| 0| 0| 0| 0|33|33|33|33| 0| 0| 0| 0| 0|
| 0| 0| 0| 0| 0|33|33|33|33| 0| 0| 0| 0|
| 0| 0|33|33|33|33| 0| 0| 0| 0| 0| 0| 0|
| 0| 0|33| 0| 0|33| 0| 0| 0| 0| 0| 0| 0|
| 0| 0|33| 0| 0| 0| 0| 0| 0| 0| 0| 0| 0|
| 0| 0|33|33| 0| 0| 0| 0| 0| 0| 0| 0| 0|
| 0| 0| 0| 0| 0| 0| 0| 0| 0| 0| 0| 0| 0|
| 0| 0| 0| 0| 0| 0| 0| 0| 0| 0| 0| 0| 0|


Solution 2:
|..|..|..|..|..|..| 7|..|..|
|..|..|..|..| 0| 3| 6|..|..|
|..|..|..|..|..|10|..|..|..|
|..|..|..|..|..|13|..|..|..|
|..|..|..|44|15|16|..|..|..|
|..|..|52|51|..|48|..|..|21|
|..|..|..|..|..|49|46|25|22|
|..|..|..|..|53|50|47|26|..|
|..|..|43|42|35|34|..|..|..|
|12|41|40|39|..|..|..|..|..|
| 9|38|37|36|..|..|..|..|..|
|..|..| 1| 2|29|32|..|..|..|
|..|..| 4| 5|28|31|..|..|..|
|..|..|..| 8|27|30|33|..|..|
|11|18|19|20|..|..|..|..|..|
|14|..|..|23|..|..|..|..|..|
|17|..|..|..|..|..|..|..|..|
|45|24|..|..|..|..|..|..|..|

Found intersection:
Number of different intersections found: 853
......#..|
.....##..|
.....#...|
....##...|
...###...|
..##.#..#|
.....####|
....####.|
..####...|
.####....|
####.....|
.####....|
..####...|
...####..|
####.....|
#..#.....|
#........|
##.......|


Solution 1:
| 0| 0| 0| 0| 0| 0| 0| 0| 0| 0| 0| 0| 0|
| 0| 0| 0| 0| 0| 0| 0| 0| 0| 0| 0| 0| 0|
| 0| 0| 0| 0| 0| 0| 0| 0|33| 0| 0| 0| 0|
| 0| 0| 0| 0| 0| 0| 0|33|33| 0| 0| 0| 0|
| 0| 0| 0| 0| 0| 0| 0|33| 0| 0| 0| 0| 0|
| 0| 0| 0| 0| 0| 0|33|33| 0| 0| 0| 0| 0|
| 0| 0| 0| 0| 0|33|33|33| 0| 0| 0| 0| 0|
| 0| 0| 0| 0|33|33| 0|33| 0| 0|33| 0| 0|
| 0| 0| 0| 0| 0| 0| 0|33|33|33|33| 0| 0|
| 0| 0| 0| 0| 0| 0|33|33|33|33| 0| 0| 0|
| 0| 0| 0| 0|33|33|33|33| 0| 0| 0| 0| 0|
| 0| 0| 0|33|33|33|33| 0| 0| 0| 0| 0| 0|
| 0| 0|33|33|33|33| 0| 0| 0| 0| 0| 0| 0|
| 0| 0| 0|33|33|33|33| 0| 0| 0| 0| 0| 0|
| 0| 0| 0| 0|33|33|33|33| 0| 0| 0| 0| 0|
| 0| 0| 0| 0| 0|33|33|33|33| 0| 0| 0| 0|
| 0| 0|33|33|33|33| 0| 0| 0| 0| 0| 0| 0|
| 0| 0|33| 0| 0|33| 0| 0| 0| 0| 0| 0| 0|
| 0| 0|33| 0| 0| 0| 0| 0| 0| 0| 0| 0| 0|
| 0| 0|33|33| 0| 0| 0| 0| 0| 0| 0| 0| 0|
| 0| 0| 0| 0| 0| 0| 0| 0| 0| 0| 0| 0| 0|
| 0| 0| 0| 0| 0| 0| 0| 0| 0| 0| 0| 0| 0|


Solution 2:
|..|..|..|..|..|..| 3|..|..|
|..|..|..|..|..| 1| 0|..|..|
|..|..|..|..|..|37|..|..|..|
|..|..|..|..|39|40|..|..|..|
|..|..|..|35|42|43|..|..|..|
|..|..|50|53|..|52|..|..|12|
|..|..|..|..|..|49|48|16|13|
|..|..|..|..|47|46|45|17|..|
|..|..|34|33|26|25|..|..|..|
|..|32|31|30|23|..|..|..|..|
|36|29|28|27|..|..|..|..|..|
|..| 2| 5| 8|20|..|..|..|..|
|..|..| 4| 7|19|22|..|..|..|
|..|..|..| 6|18|21|24|..|..|
|38| 9|10|11|..|..|..|..|..|
|41|..|..|14|..|..|..|..|..|
|44|..|..|..|..|..|..|..|..|
|51|15|..|..|..|..|..|..|..|

Found intersection:
Number of different intersections found: 854
......#..|
.....##..|
.....#...|
....##...|
...###...|
..##.#..#|
.....####|
....####.|
..####...|
.####....|
.####....|
####.....|
..####...|
...####..|
####.....|
#..#.....|
#........|
##.......|


Solution 1:
| 0| 0| 0| 0| 0| 0| 0| 0| 0| 0| 0| 0| 0|
| 0| 0| 0| 0| 0| 0| 0| 0| 0| 0| 0| 0| 0|
| 0| 0| 0| 0| 0| 0| 0| 0|33| 0| 0| 0| 0|
| 0| 0| 0| 0| 0| 0| 0|33|33| 0| 0| 0| 0|
| 0| 0| 0| 0| 0| 0| 0|33| 0| 0| 0| 0| 0|
| 0| 0| 0| 0| 0| 0|33|33| 0| 0| 0| 0| 0|
| 0| 0| 0| 0| 0|33|33|33| 0| 0| 0| 0| 0|
| 0| 0| 0| 0|33|33| 0|33| 0| 0|33| 0| 0|
| 0| 0| 0| 0| 0| 0| 0|33|33|33|33| 0| 0|
| 0| 0| 0| 0| 0| 0|33|33|33|33| 0| 0| 0|
| 0| 0| 0| 0|33|33|33|33| 0| 0| 0| 0| 0|
| 0| 0| 0|33|33|33|33| 0| 0| 0| 0| 0| 0|
| 0| 0| 0|33|33|33|33| 0| 0| 0| 0| 0| 0|
| 0| 0|33|33|33|33| 0| 0| 0| 0| 0| 0| 0|
| 0| 0| 0| 0|33|33|33|33| 0| 0| 0| 0| 0|
| 0| 0| 0| 0| 0|33|33|33|33| 0| 0| 0| 0|
| 0| 0|33|33|33|33| 0| 0| 0| 0| 0| 0| 0|
| 0| 0|33| 0| 0|33| 0| 0| 0| 0| 0| 0| 0|
| 0| 0|33| 0| 0| 0| 0| 0| 0| 0| 0| 0| 0|
| 0| 0|33|33| 0| 0| 0| 0| 0| 0| 0| 0| 0|
| 0| 0| 0| 0| 0| 0| 0| 0| 0| 0| 0| 0| 0|
| 0| 0| 0| 0| 0| 0| 0| 0| 0| 0| 0| 0| 0|


Solution 2:
|..|..|..|..|..|..| 3|..|..|
|..|..|..|..|..| 1| 0|..|..|
|..|..|..|..|..|37|..|..|..|
|..|..|..|..|39|40|..|..|..|
|..|..|..|35|42|43|..|..|..|
|..|..|50|53|..|52|..|..|12|
|..|..|..|..|..|49|48|16|13|
|..|..|..|..|47|46|45|17|..|
|..|..|34|33|26|25|..|..|..|
|..|32|31|30|23|..|..|..|..|
|..|29|28|27|20|..|..|..|..|
|36| 2| 5| 8|..|..|..|..|..|
|..|..| 4| 7|19|22|..|..|..|
|..|..|..| 6|18|21|24|..|..|
|38| 9|10|11|..|..|..|..|..|
|41|..|..|14|..|..|..|..|..|
|44|..|..|..|..|..|..|..|..|
|51|15|..|..|..|..|..|..|..|

Found intersection:
Number of different intersections found: 855
.............#|
..........####|
.......####...|
........####..|
........####..|
........####..|
.......####...|
.......####...|
.....####.....|
....####......|
.....####.....|
.....####.....|
...####.......|
####..........|
#.............|


Solution 1:
| 0| 0| 0| 0| 0| 0| 0| 0| 0| 0| 0| 0| 0| 0| 0| 0| 0| 0|
| 0| 0| 0| 0| 0| 0| 0| 0| 0| 0| 0| 0| 0| 0| 0| 0| 0| 0|
| 0| 0| 0| 0| 0| 0| 0| 0| 0| 0| 0| 0| 0| 0| 0|33| 0| 0|
| 0| 0| 0| 0| 0| 0| 0| 0| 0| 0| 0| 0|33|33|33|33| 0| 0|
| 0| 0| 0| 0| 0| 0| 0| 0| 0|33|33|33|33| 0| 0| 0| 0| 0|
| 0| 0| 0| 0| 0| 0| 0| 0| 0| 0|33|33|33|33| 0| 0| 0| 0|
| 0| 0| 0| 0| 0| 0| 0| 0| 0| 0|33|33|33|33| 0| 0| 0| 0|
| 0| 0| 0| 0| 0| 0| 0| 0| 0| 0|33|33|33|33| 0| 0| 0| 0|
| 0| 0| 0| 0| 0| 0| 0| 0| 0|33|33|33|33| 0| 0| 0| 0| 0|
| 0| 0| 0| 0| 0| 0| 0| 0| 0|33|33|33|33| 0| 0| 0| 0| 0|
| 0| 0| 0| 0| 0| 0| 0|33|33|33|33| 0| 0| 0| 0| 0| 0| 0|
| 0| 0| 0| 0| 0| 0|33|33|33|33| 0| 0| 0| 0| 0| 0| 0| 0|
| 0| 0| 0| 0| 0| 0| 0|33|33|33|33| 0| 0| 0| 0| 0| 0| 0|
| 0| 0| 0| 0| 0| 0| 0|33|33|33|33| 0| 0| 0| 0| 0| 0| 0|
| 0| 0| 0| 0| 0|33|33|33|33| 0| 0| 0| 0| 0| 0| 0| 0| 0|
| 0| 0|33|33|33|33| 0| 0| 0| 0| 0| 0| 0| 0| 0| 0| 0| 0|
| 0| 0|33| 0| 0| 0| 0| 0| 0| 0| 0| 0| 0| 0| 0| 0| 0| 0|
| 0| 0| 0| 0| 0| 0| 0| 0| 0| 0| 0| 0| 0| 0| 0| 0| 0| 0|
| 0| 0| 0| 0| 0| 0| 0| 0| 0| 0| 0| 0| 0| 0| 0| 0| 0| 0|


Solution 2:
|..|..|..|..|..|..|..|..|..|..|..|..|..| 0|
|..|..|..|..|..|..|..|..|..|..|19| 7| 4| 1|
|..|..|..|..|..|..|..|47|26|23|20|..|..|..|
|..|..|..|..|..|..|..|..|33|30|27| 8|..|..|
|..|..|..|..|..|..|..|..|34|31|28| 5|..|..|
|..|..|..|..|..|..|..|..|35|32|29| 2|..|..|
|..|..|..|..|..|..|..|53|42|39|36|..|..|..|
|..|..|..|..|..|..|..|52|43|40|37|..|..|..|
|..|..|..|..|..|45|48|51|44|..|..|..|..|..|
|..|..|..|..|24|17|16|15|..|..|..|..|..|..|
|..|..|..|..|..|14|13|12|41|..|..|..|..|..|
|..|..|..|..|..|11|10| 9|38|..|..|..|..|..|
|..|..|..|21|18| 6| 3|..|..|..|..|..|..|..|
|49|46|25|22|..|..|..|..|..|..|..|..|..|..|
|50|..|..|..|..|..|..|..|..|..|..|..|..|..|

Found intersection:
Number of different intersections found: 856
.............#|
..........####|
.......####...|
........####..|
........####..|
.......####...|
........####..|
.......####...|
.....####.....|
....####......|
.....####.....|
.....####.....|
...####.......|
####..........|
#.............|


Solution 1:
| 0| 0| 0| 0| 0| 0| 0| 0| 0| 0| 0| 0| 0| 0| 0| 0| 0| 0|
| 0| 0| 0| 0| 0| 0| 0| 0| 0| 0| 0| 0| 0| 0| 0| 0| 0| 0|
| 0| 0| 0| 0| 0| 0| 0| 0| 0| 0| 0| 0| 0| 0| 0|33| 0| 0|
| 0| 0| 0| 0| 0| 0| 0| 0| 0| 0| 0| 0|33|33|33|33| 0| 0|
| 0| 0| 0| 0| 0| 0| 0| 0| 0|33|33|33|33| 0| 0| 0| 0| 0|
| 0| 0| 0| 0| 0| 0| 0| 0| 0| 0|33|33|33|33| 0| 0| 0| 0|
| 0| 0| 0| 0| 0| 0| 0| 0| 0| 0|33|33|33|33| 0| 0| 0| 0|
| 0| 0| 0| 0| 0| 0| 0| 0| 0|33|33|33|33| 0| 0| 0| 0| 0|
| 0| 0| 0| 0| 0| 0| 0| 0| 0| 0|33|33|33|33| 0| 0| 0| 0|
| 0| 0| 0| 0| 0| 0| 0| 0| 0|33|33|33|33| 0| 0| 0| 0| 0|
| 0| 0| 0| 0| 0| 0| 0|33|33|33|33| 0| 0| 0| 0| 0| 0| 0|
| 0| 0| 0| 0| 0| 0|33|33|33|33| 0| 0| 0| 0| 0| 0| 0| 0|
| 0| 0| 0| 0| 0| 0| 0|33|33|33|33| 0| 0| 0| 0| 0| 0| 0|
| 0| 0| 0| 0| 0| 0| 0|33|33|33|33| 0| 0| 0| 0| 0| 0| 0|
| 0| 0| 0| 0| 0|33|33|33|33| 0| 0| 0| 0| 0| 0| 0| 0| 0|
| 0| 0|33|33|33|33| 0| 0| 0| 0| 0| 0| 0| 0| 0| 0| 0| 0|
| 0| 0|33| 0| 0| 0| 0| 0| 0| 0| 0| 0| 0| 0| 0| 0| 0| 0|
| 0| 0| 0| 0| 0| 0| 0| 0| 0| 0| 0| 0| 0| 0| 0| 0| 0| 0|
| 0| 0| 0| 0| 0| 0| 0| 0| 0| 0| 0| 0| 0| 0| 0| 0| 0| 0|


Solution 2:
|..|..|..|..|..|..|..|..|..|..|..|..|..| 0|
|..|..|..|..|..|..|..|..|..|..|19| 7| 4| 1|
|..|..|..|..|..|..|..|47|26|23|20|..|..|..|
|..|..|..|..|..|..|..|..|33|30|27| 8|..|..|
|..|..|..|..|..|..|..|..|34|31|28| 5|..|..|
|..|..|..|..|..|..|..|53|35|32|29|..|..|..|
|..|..|..|..|..|..|..|..|42|39|36| 2|..|..|
|..|..|..|..|..|..|..|52|43|40|37|..|..|..|
|..|..|..|..|..|45|48|51|44|..|..|..|..|..|
|..|..|..|..|24|17|16|15|..|..|..|..|..|..|
|..|..|..|..|..|14|13|12|41|..|..|..|..|..|
|..|..|..|..|..|11|10| 9|38|..|..|..|..|..|
|..|..|..|21|18| 6| 3|..|..|..|..|..|..|..|
|49|46|25|22|..|..|..|..|..|..|..|..|..|..|
|50|..|..|..|..|..|..|..|..|..|..|..|..|..|

Found intersection:
Number of different intersections found: 857
.............#|
..........####|
.......####...|
........####..|
........####..|
........####..|
.......####...|
.......####...|
....####......|
.....####.....|
.....####.....|
.....####.....|
...####.......|
####..........|
#.............|


Solution 1:
| 0| 0| 0| 0| 0| 0| 0| 0| 0| 0| 0| 0| 0| 0| 0| 0| 0| 0|
| 0| 0| 0| 0| 0| 0| 0| 0| 0| 0| 0| 0| 0| 0| 0| 0| 0| 0|
| 0| 0| 0| 0| 0| 0| 0| 0| 0| 0| 0| 0| 0| 0| 0|33| 0| 0|
| 0| 0| 0| 0| 0| 0| 0| 0| 0| 0| 0| 0|33|33|33|33| 0| 0|
| 0| 0| 0| 0| 0| 0| 0| 0| 0|33|33|33|33| 0| 0| 0| 0| 0|
| 0| 0| 0| 0| 0| 0| 0| 0| 0| 0|33|33|33|33| 0| 0| 0| 0|
| 0| 0| 0| 0| 0| 0| 0| 0| 0| 0|33|33|33|33| 0| 0| 0| 0|
| 0| 0| 0| 0| 0| 0| 0| 0| 0| 0|33|33|33|33| 0| 0| 0| 0|
| 0| 0| 0| 0| 0| 0| 0| 0| 0|33|33|33|33| 0| 0| 0| 0| 0|
| 0| 0| 0| 0| 0| 0| 0| 0| 0|33|33|33|33| 0| 0| 0| 0| 0|
| 0| 0| 0| 0| 0| 0|33|33|33|33| 0| 0| 0| 0| 0| 0| 0| 0|
| 0| 0| 0| 0| 0| 0| 0|33|33|33|33| 0| 0| 0| 0| 0| 0| 0|
| 0| 0| 0| 0| 0| 0| 0|33|33|33|33| 0| 0| 0| 0| 0| 0| 0|
| 0| 0| 0| 0| 0| 0| 0|33|33|33|33| 0| 0| 0| 0| 0| 0| 0|
| 0| 0| 0| 0| 0|33|33|33|33| 0| 0| 0| 0| 0| 0| 0| 0| 0|
| 0| 0|33|33|33|33| 0| 0| 0| 0| 0| 0| 0| 0| 0| 0| 0| 0|
| 0| 0|33| 0| 0| 0| 0| 0| 0| 0| 0| 0| 0| 0| 0| 0| 0| 0|
| 0| 0| 0| 0| 0| 0| 0| 0| 0| 0| 0| 0| 0| 0| 0| 0| 0| 0|
| 0| 0| 0| 0| 0| 0| 0| 0| 0| 0| 0| 0| 0| 0| 0| 0| 0| 0|


Solution 2:
|..|..|..|..|..|..|..|..|..|..|..|..|..| 0|
|..|..|..|..|..|..|..|..|..|..|19| 7| 4| 1|
|..|..|..|..|..|..|..|47|26|23|20|..|..|..|
|..|..|..|..|..|..|..|..|33|30|27| 8|..|..|
|..|..|..|..|..|..|..|..|34|31|28| 5|..|..|
|..|..|..|..|..|..|..|..|35|32|29| 2|..|..|
|..|..|..|..|..|..|..|53|42|39|36|..|..|..|
|..|..|..|..|..|..|..|52|43|40|37|..|..|..|
|..|..|..|..|24|45|48|51|..|..|..|..|..|..|
|..|..|..|..|..|17|16|15|44|..|..|..|..|..|
|..|..|..|..|..|14|13|12|41|..|..|..|..|..|
|..|..|..|..|..|11|10| 9|38|..|..|..|..|..|
|..|..|..|21|18| 6| 3|..|..|..|..|..|..|..|
|49|46|25|22|..|..|..|..|..|..|..|..|..|..|
|50|..|..|..|..|..|..|..|..|..|..|..|..|..|

Found intersection:
Number of different intersections found: 858
.............#|
..........####|
.......####...|
........####..|
........####..|
.......####...|
........####..|
.......####...|
....####......|
.....####.....|
.....####.....|
.....####.....|
...####.......|
####..........|
#.............|


Solution 1:
| 0| 0| 0| 0| 0| 0| 0| 0| 0| 0| 0| 0| 0| 0| 0| 0| 0| 0|
| 0| 0| 0| 0| 0| 0| 0| 0| 0| 0| 0| 0| 0| 0| 0| 0| 0| 0|
| 0| 0| 0| 0| 0| 0| 0| 0| 0| 0| 0| 0| 0| 0| 0|33| 0| 0|
| 0| 0| 0| 0| 0| 0| 0| 0| 0| 0| 0| 0|33|33|33|33| 0| 0|
| 0| 0| 0| 0| 0| 0| 0| 0| 0|33|33|33|33| 0| 0| 0| 0| 0|
| 0| 0| 0| 0| 0| 0| 0| 0| 0| 0|33|33|33|33| 0| 0| 0| 0|
| 0| 0| 0| 0| 0| 0| 0| 0| 0| 0|33|33|33|33| 0| 0| 0| 0|
| 0| 0| 0| 0| 0| 0| 0| 0| 0|33|33|33|33| 0| 0| 0| 0| 0|
| 0| 0| 0| 0| 0| 0| 0| 0| 0| 0|33|33|33|33| 0| 0| 0| 0|
| 0| 0| 0| 0| 0| 0| 0| 0| 0|33|33|33|33| 0| 0| 0| 0| 0|
| 0| 0| 0| 0| 0| 0|33|33|33|33| 0| 0| 0| 0| 0| 0| 0| 0|
| 0| 0| 0| 0| 0| 0| 0|33|33|33|33| 0| 0| 0| 0| 0| 0| 0|
| 0| 0| 0| 0| 0| 0| 0|33|33|33|33| 0| 0| 0| 0| 0| 0| 0|
| 0| 0| 0| 0| 0| 0| 0|33|33|33|33| 0| 0| 0| 0| 0| 0| 0|
| 0| 0| 0| 0| 0|33|33|33|33| 0| 0| 0| 0| 0| 0| 0| 0| 0|
| 0| 0|33|33|33|33| 0| 0| 0| 0| 0| 0| 0| 0| 0| 0| 0| 0|
| 0| 0|33| 0| 0| 0| 0| 0| 0| 0| 0| 0| 0| 0| 0| 0| 0| 0|
| 0| 0| 0| 0| 0| 0| 0| 0| 0| 0| 0| 0| 0| 0| 0| 0| 0| 0|
| 0| 0| 0| 0| 0| 0| 0| 0| 0| 0| 0| 0| 0| 0| 0| 0| 0| 0|


Solution 2:
|..|..|..|..|..|..|..|..|..|..|..|..|..| 0|
|..|..|..|..|..|..|..|..|..|..|19| 7| 4| 1|
|..|..|..|..|..|..|..|47|26|23|20|..|..|..|
|..|..|..|..|..|..|..|..|33|30|27| 8|..|..|
|..|..|..|..|..|..|..|..|34|31|28| 5|..|..|
|..|..|..|..|..|..|..|53|35|32|29|..|..|..|
|..|..|..|..|..|..|..|..|42|39|36| 2|..|..|
|..|..|..|..|..|..|..|52|43|40|37|..|..|..|
|..|..|..|..|24|45|48|51|..|..|..|..|..|..|
|..|..|..|..|..|17|16|15|44|..|..|..|..|..|
|..|..|..|..|..|14|13|12|41|..|..|..|..|..|
|..|..|..|..|..|11|10| 9|38|..|..|..|..|..|
|..|..|..|21|18| 6| 3|..|..|..|..|..|..|..|
|49|46|25|22|..|..|..|..|..|..|..|..|..|..|
|50|..|..|..|..|..|..|..|..|..|..|..|..|..|

Number uniq of solutions found through the shape checker: 858
Num uniq solutions written in output file: 11

Total num solutions found: 858
Done.
